phastpp3-F90/examples/capecod/ArcData/bedr_clip_90.txt
ncols         110
nrows         219
xllcorner     274990.33027482
yllcorner     809982.31253672
cellsize      91.44
NODATA_value  -9999
[rows 156 to 181 of 219, columns 0 to 59 of 110]
-45.20782 -45.27807 -45.34749 -45.42138 -45.48519 -45.54739 -45.5843 -45.62043 -45.66574 -45.72171 -45.89797 -46.14059 -46.42973 -46.89906 -47.5838 -48.51826 -49.78634 -51.44513 -53.44556 -55.70234 -58.14161 -60.68086 -63.22791 -65.70296 -68.03986 -70.19236 -72.12926 -73.83517 -75.31464 -76.58917 -77.6894 -78.64806 -79.49371 -80.24828 -80.92724 -81.53356 -82.05384 -82.46148 -82.71871 -82.78631 -82.61459 -82.19596 -81.59437 -80.91202 -80.24357 -79.69206 -79.43759 -79.45174 -79.61507 -79.87518 -80.20177 -80.57143 -80.96214 -81.35911 -81.75447 -82.14282 -82.52307 -82.89933 -83.27276 -83.64118
-45.32441 -45.39285 -45.45089 -45.51167 -45.56174 -45.61282 -45.66372 -45.72053 -45.86202 -46.11647 -46.35698 -46.66175 -47.03238 -47.55176 -48.29345 -49.28514 -50.55376 -52.11781 -53.94226 -55.95735 -58.10798 -60.34952 -62.62512 -64.87116 -67.0291 -69.05597 -70.9209 -72.60986 -74.12199 -75.46844 -76.66866 -77.74554 -78.72034 -79.6094 -80.42339 -81.16213 -81.81337 -82.35274 -82.75035 -82.97055 -82.92279 -82.57228 -82.01758 -81.3764 -80.76584 -80.2877 -80.03409 -80.00706 -80.14325 -80.38877 -80.70687 -81.06962 -81.45214 -81.83942 -82.22409 -82.59995 -82.96664 -83.33 -83.69171 -84.05081
-45.37705 -45.46514 -45.5393 -45.61131 -45.67036 -45.71997 -45.80607 -46.00865 -46.22961 -46.53387 -46.8238 -47.16133 -47.60477 -48.1913 -48.97604 -49.98993 -51.23301 -52.70133 -54.3755 -56.20481 -58.13493 -60.13029 -62.16074 -64.18869 -66.17201 -68.07271 -69.86211 -71.52372 -73.05116 -74.44797 -75.72529 -76.89764 -77.97957 -78.98254 -79.91209 -80.76348 -81.52476 -82.17975 -82.70999 -83.09122 -83.19511 -82.9418 -82.47608 -81.91362 -81.37315 -80.95403 -80.7161 -80.6674 -80.77489 -80.99557 -81.29321 -81.63768 -82.00259 -82.37341 -82.74325 -83.1043 -83.45645 -83.80694 -84.15839 -84.51062
-45.47789 -45.5653 -45.65765 -45.71963 -45.80971 -45.9694 -46.18021 -46.44274 -46.67479 -46.94271 -47.26169 -47.65889 -48.16673 -48.81183 -49.62897 -50.64075 -51.84481 -53.22293 -54.75809 -56.42373 -58.17797 -59.98282 -61.81357 -63.65013 -65.46896 -67.24419 -68.95184 -70.5742 -72.10108 -73.52962 -74.86388 -76.1112 -77.27905 -78.37486 -79.40001 -80.34328 -81.19004 -81.93613 -82.57148 -83.06814 -83.31525 -83.24165 -82.92142 -82.47437 -82.01972 -81.65565 -81.4397 -81.38508 -81.47207 -81.66774 -81.94 -82.25966 -82.60119 -82.95144 -83.30392 -83.64864 -83.98521 -84.32327 -84.66669 -85.0161
-45.62569 -45.71931 -45.85656 -45.9573 -46.1019 -46.32923 -46.59678 -46.87794 -47.1353 -47.40809 -47.7482 -48.18773 -48.74311 -49.42893 -50.2587 -51.24619 -52.39507 -53.68814 -55.10176 -56.61728 -58.21247 -59.85892 -61.53185 -63.21451 -64.89346 -66.55412 -68.17999 -69.75549 -71.26911 -72.71329 -74.0863 -75.38973 -76.6238 -77.79216 -78.89483 -79.91291 -80.82404 -81.63209 -82.34517 -82.93977 -83.33545 -83.45654 -83.31762 -83.01205 -82.66013 -82.36065 -82.17513 -82.12507 -82.20012 -82.37488 -82.6224 -82.91602 -83.23283 -83.56155 -83.89574 -84.22313 -84.54372 -84.8708 -85.20996 -85.56229
-45.77534 -45.95938 -46.19319 -46.36244 -46.51809 -46.73906 -47.01971 -47.30892 -47.60946 -47.92439 -48.29755 -48.76348 -49.3395 -50.03485 -50.85709 -51.80853 -52.88955 -54.09254 -55.39742 -56.78293 -58.23378 -59.73555 -61.27209 -62.82904 -64.39532 -65.96107 -67.51524 -69.04523 -70.53983 -71.98921 -73.38698 -74.73116 -76.01534 -77.23816 -78.40232 -79.48492 -80.45016 -81.29646 -82.05657 -82.73064 -83.26269 -83.57204 -83.62659 -83.48351 -83.24892 -83.02567 -82.8832 -82.85069 -82.92486 -83.08689 -83.31512 -83.58656 -83.88132 -84.19027 -84.50658 -84.81653 -85.12178 -85.44097 -85.78134 -86.14226
-46.10999 -46.3221 -46.57539 -46.7903 -46.98611 -47.20758 -47.47775 -47.78388 -48.11413 -48.48045 -48.89392 -49.37835 -49.9557 -50.63621 -51.42652 -52.32765 -53.33456 -54.44145 -55.63763 -56.90626 -58.23209 -59.60524 -61.01847 -62.46434 -63.93528 -65.42306 -66.91856 -68.41055 -69.8875 -71.33868 -72.75348 -74.12791 -75.45158 -76.71496 -77.92558 -79.06705 -80.08765 -80.96914 -81.7512 -82.46954 -83.10059 -83.5704 -83.81472 -83.84566 -83.74482 -83.61317 -83.52893 -83.52927 -83.61651 -83.77753 -83.99593 -84.2527 -84.53117 -84.82384 -85.1237 -85.41726 -85.70954 -86.02525 -86.37316 -86.74702
-46.44827 -46.69289 -46.95144 -47.20771 -47.45842 -47.71993 -48.00384 -48.31917 -48.67273 -49.06718 -49.50994 -50.01043 -50.58168 -51.23547 -51.97845 -52.81453 -53.74099 -54.75038 -55.83565 -56.98872 -58.19967 -59.46021 -60.7656 -62.11313 -63.49976 -64.9202 -66.36638 -67.82762 -69.29076 -70.74415 -72.17342 -73.57144 -74.9288 -76.22574 -77.46848 -78.65896 -79.74362 -80.67413 -81.47887 -82.21514 -82.89511 -83.47221 -83.87555 -84.07635 -84.11938 -84.09552 -84.08772 -84.13834 -84.25417 -84.4278 -84.64806 -84.89988 -85.16897 -85.44941 -85.73484 -86.01458 -86.29795 -86.6151 -86.97616 -87.36541
-46.77749 -47.04177 -47.32311 -47.62207 -47.92838 -48.24092 -48.56156 -48.90201 -49.2737 -49.68505 -50.14193 -50.6496 -51.21212 -51.83646 -52.52924 -53.29436 -54.13329 -55.04267 -56.01735 -57.05426 -58.15103 -59.30478 -60.51295 -61.77421 -63.08744 -64.44955 -65.85365 -67.28938 -68.74212 -70.19827 -71.64175 -73.05889 -74.44488 -75.77496 -77.04059 -78.26255 -79.41033 -80.4129 -81.26032 -82.01228 -82.70952 -83.33771 -83.84642 -84.18881 -84.37307 -84.46865 -84.55343 -84.67027 -84.82906 -85.02828 -85.26203 -85.51833 -85.78436 -86.05624 -86.3296 -86.59955 -86.87946 -87.2028 -87.57992 -87.98337
-47.10498 -47.40468 -47.72763 -48.0672 -48.41522 -48.7689 -49.12862 -49.5004 -49.89412 -50.31946 -50.78437 -51.2932 -51.84608 -52.44365 -53.0901 -53.78876 -54.5411 -55.34856 -56.21243 -57.13415 -58.1166 -59.16308 -60.27569 -61.45557 -62.70267 -64.01431 -65.38346 -66.79866 -68.24453 -69.70366 -71.16101 -72.59529 -74.00247 -75.36639 -76.65705 -77.89272 -79.08318 -80.1662 -81.08891 -81.87681 -82.58644 -83.23409 -83.79648 -84.23633 -84.54226 -84.75695 -84.94193 -85.13409 -85.34494 -85.57896 -85.83505 -86.10271 -86.37064 -86.63633 -86.90102 -87.16718 -87.44972 -87.78296 -88.17438 -88.58869
-47.50777 -47.82648 -48.17776 -48.55185 -48.93431 -49.32013 -49.71 -50.10865 -50.52318 -50.96254 -51.43536 -51.94439 -52.48708 -53.06154 -53.66824 -54.30854 -54.98285 -55.69406 -56.44901 -57.25662 -58.12587 -59.06458 -60.07969 -61.17715 -62.35982 -63.62517 -64.96481 -66.36417 -67.80625 -69.26949 -70.73856 -72.19081 -73.61195 -75.00265 -76.3278 -77.57574 -78.78049 -79.92309 -80.93501 -81.79363 -82.53713 -83.20345 -83.79393 -84.29182 -84.68798 -85.00542 -85.28402 -85.54977 -85.81368 -86.0861 -86.36913 -86.65224 -86.92471 -87.18607 -87.44778 -87.71647 -88.00769 -88.35356 -88.75485 -89.18044
-47.97295 -48.3098 -48.67899 -49.07494 -49.48614 -49.90189 -50.31818 -50.73812 -51.16838 -51.61876 -52.09813 -52.60709 -53.1405 -53.69487 -54.26912 -54.86024 -55.46697 -56.09253 -56.74657 -57.44504 -58.20269 -59.03212 -59.94684 -60.95978 -62.07823 -63.30013 -64.6142 -66.0018 -67.44164 -68.91067 -70.3876 -71.8567 -73.29115 -74.69413 -76.05341 -77.32998 -78.53927 -79.70445 -80.785 -81.72982 -82.53872 -83.24427 -83.86577 -84.40423 -84.86237 -85.25676 -85.61031 -85.9376 -86.2485 -86.55743 -86.86826 -87.16865 -87.44661 -87.70786 -87.97266 -88.24915 -88.55711 -88.91853 -89.32387 -89.76183
-48.46303 -48.82873 -49.22129 -49.63786 -50.07219 -50.51377 -50.95458 -51.39399 -51.83782 -52.29676 -52.78001 -53.28647 -53.8102 -54.34762 -54.89568 -55.44753 -55.99796 -56.54911 -57.11538 -57.71503 -58.36366 -59.08116 -59.89133 -60.81737 -61.8732 -63.05682 -64.35135 -65.73215 -67.17138 -68.64587 -70.12843 -71.60628 -73.05708 -74.46449 -75.83951 -77.15417 -78.3848 -79.5538 -80.66321 -81.67461 -82.56098 -83.32825 -83.99474 -84.57407 -85.07973 -85.52948 -85.93731 -86.31056 -86.65887 -86.99943 -87.3373 -87.65543 -87.94135 -88.20792 -88.47852 -88.77125 -89.10969 -89.48804 -89.88406 -90.31799
-49.00205 -49.39194 -49.80833 -50.24583 -50.6981 -51.15775 -51.61733 -52.07429 -52.53243 -53.00071 -53.48666 -53.98843 -54.50076 -55.02325 -55.54972 -56.07026 -56.57467 -57.06572 -57.55996 -58.07043 -58.61521 -59.22192 -59.92278 -60.75737 -61.75395 -62.90935 -64.19532 -65.57603 -67.01833 -68.49494 -69.98246 -71.4596 -72.92014 -74.33735 -75.71113 -77.04728 -78.31406 -79.49841 -80.61413 -81.65643 -82.60098 -83.4326 -84.15312 -84.77725 -85.3259 -85.819 -86.26683 -86.67339 -87.05046 -87.41799 -87.78173 -88.11872 -88.41681 -88.69107 -88.97064 -89.29444 -89.67418 -90.06269 -90.43304 -90.8267
-49.59622 -50.00817 -50.44576 -50.90157 -51.3679 -51.83877 -52.3096 -52.77975 -53.25159 -53.73067 -54.22005 -54.71615 -55.21669 -55.72476 -56.23176 -56.72584 -57.19149 -57.63667 -58.07187 -58.50554 -58.96204 -59.46405 -60.04468 -60.77769 -61.72448 -62.87195 -64.16621 -65.5557 -67.00346 -68.47932 -69.96531 -71.43941 -72.89393 -74.32063 -75.6964 -77.03113 -78.32066 -79.53368 -80.66228 -81.71621 -82.68969 -83.56445 -84.33067 -84.99751 -85.58646 -86.1168 -86.59682 -87.02854 -87.42867 -87.82034 -88.20837 -88.5665 -88.87952 -89.1623 -89.45733 -89.81544 -90.21938 -90.60654 -90.97227 -91.29285
-50.24782 -50.67892 -51.13538 -51.60605 -52.08245 -52.56051 -53.03776 -53.51707 -53.9993 -54.48757 -54.9787 -55.46846 -55.95815 -56.45116 -56.93942 -57.40693 -57.83586 -58.24278 -58.63279 -59.01957 -59.41797 -59.82043 -60.25423 -60.86464 -61.79093 -62.96794 -64.29078 -65.696 -67.14629 -68.61819 -70.09173 -71.55839 -73.00033 -74.41941 -75.80186 -77.13342 -78.42179 -79.65251 -80.80318 -81.87196 -82.85881 -83.75191 -84.54241 -85.23905 -85.86118 -86.42371 -86.93061 -87.38258 -87.80238 -88.21539 -88.62512 -89.00539 -89.33498 -89.62633 -89.92792 -90.29131 -90.67795 -91.0508 -91.44091 -91.77058
-50.95271 -51.40174 -51.87542 -52.35978 -52.84466 -53.32754 -53.80951 -54.29365 -54.78131 -55.27258 -55.75962 -56.24029 -56.71724 -57.19312 -57.6636 -58.09928 -58.48825 -58.8642 -59.23908 -59.62486 -59.99332 -60.30043 -60.5634 -61.01706 -62.00243 -63.24947 -64.60717 -66.02151 -67.46574 -68.92259 -70.37723 -71.82244 -73.25123 -74.65128 -76.02578 -77.35905 -78.64085 -79.86932 -81.03224 -82.11779 -83.1152 -84.01236 -84.80844 -85.51881 -86.16328 -86.75108 -87.27828 -87.7478 -88.18318 -88.61279 -89.04125 -89.4428 -89.79137 -90.0841 -90.35346 -90.68777 -91.04842 -91.44065 -91.89653 -92.37418
-51.70525 -52.17168 -52.66138 -53.15914 -53.65353 -54.14298 -54.62973 -55.11286 -55.59976 -56.08213 -56.55669 -57.0201 -57.47586 -57.93401 -58.3896 -58.79104 -59.14314 -59.50175 -59.89063 -60.29459 -60.63936 -60.8397 -60.97385 -61.45489 -62.52183 -63.7976 -65.15419 -66.55225 -67.97276 -69.40006 -70.82638 -72.24188 -73.64545 -75.02703 -76.37989 -77.70329 -78.98106 -80.20157 -81.36062 -82.44986 -83.44936 -84.34202 -85.13316 -85.84713 -86.50603 -87.11148 -87.65353 -88.13747 -88.58077 -89.02354 -89.46962 -89.88938 -90.25032 -90.54276 -90.78272 -91.05662 -91.44038 -91.93156 -92.46844 -93.02632
-52.49969 -52.98418 -53.48898 -54.00014 -54.50559 -55.00452 -55.49496 -55.97303 -56.44887 -56.90501 -57.35603 -57.78488 -58.21029 -58.65841 -59.10725 -59.48482 -59.81609 -60.15208 -60.52414 -60.84438 -61.17344 -61.50904 -61.82505 -62.44398 -63.43653 -64.64064 -65.94175 -67.29202 -68.66726 -70.05303 -71.43779 -72.81906 -74.18751 -75.54185 -76.87241 -78.17327 -79.43774 -80.64946 -81.79709 -82.87293 -83.85665 -84.73203 -85.50981 -86.22349 -86.89294 -87.51168 -88.06612 -88.55699 -89.00098 -89.46011 -89.92075 -90.34245 -90.68959 -90.96959 -91.20422 -91.45339 -91.94066 -92.51626 -93.10568 -93.71474
-53.33224 -53.83424 -54.35431 -54.87852 -55.39672 -55.9054 -56.3955 -56.86496 -57.30849 -57.72042 -58.13604 -58.51432 -58.9131 -59.3647 -59.80693 -60.1673 -60.48116 -60.77456 -60.97038 -61.31739 -61.78366 -62.31525 -62.88105 -63.62429 -64.58728 -65.71405 -66.94048 -68.22491 -69.54206 -70.87389 -72.2112 -73.5477 -74.87877 -76.19589 -77.49793 -78.77404 -80.01452 -81.20753 -82.33675 -83.38674 -84.33897 -85.18242 -85.93831 -86.64803 -87.32416 -87.95525 -88.51646 -89.00194 -89.44498 -89.92145 -90.38368 -90.7698 -91.09787 -91.3342 -91.71313 -92.10545 -92.60205 -93.18761 -93.80705 -94.46203
-54.1981 -54.7168 -55.25208 -55.7888 -56.32016 -56.83496 -57.31956 -57.76839 -58.15033 -58.50797 -58.88828 -59.22368 -59.61099 -60.06179 -60.45843 -60.7707 -60.97307 -61.2696 -61.63499 -62.10889 -62.6736 -63.33912 -64.07098 -64.91019 -65.87568 -66.95181 -68.11167 -69.3293 -70.58253 -71.8553 -73.13799 -74.42544 -75.7112 -76.98907 -78.25417 -79.50024 -80.71223 -81.87511 -82.97259 -83.98541 -84.89713 -85.70009 -86.42971 -87.12853 -87.80649 -88.44636 -89.00018 -89.46936 -89.90878 -90.38398 -90.82169 -91.17963 -91.43989 -91.81228 -92.37537 -92.8591 -93.36316 -93.95682 -94.6059 -95.30159
-55.09181 -55.62418 -56.17426 -56.72131 -57.26342 -57.77966 -58.25286 -58.66456 -58.97208 -59.27956 -59.64248 -59.94943 -60.31694 -60.73192 -60.97894 -61.32767 -61.75016 -62.19794 -62.68027 -63.27394 -63.93547 -64.66159 -65.45916 -66.33417 -67.29108 -68.32626 -69.42982 -70.58559 -71.77566 -72.98603 -74.21008 -75.4441 -76.68061 -77.91386 -79.13975 -80.34832 -81.52464 -82.64969 -83.70373 -84.66983 -85.53427 -86.29601 -86.9984 -87.67692 -88.35196 -88.99079 -89.52327 -89.9733 -90.39355 -90.84182 -91.25644 -91.58014 -91.99788 -92.48774 -93.04189 -93.6154 -94.20112 -94.83557 -95.51707 -96.24463
-56.00662 -56.54682 -57.10916 -57.65898 -58.20501 -58.72244 -59.18233 -59.55305 -59.81187 -60.07372 -60.41016 -60.68911 -60.95573 -61.30252 -61.79681 -62.3135 -62.88342 -63.46049 -64.0481 -64.68701 -65.40253 -66.17542 -67.0007 -67.88218 -68.82192 -69.82174 -70.87849 -71.97897 -73.10725 -74.25412 -75.417 -76.59438 -77.77966 -78.96523 -80.14798 -81.3149 -82.44711 -83.52618 -84.5309 -85.44669 -86.26167 -86.98804 -87.65851 -88.3048 -88.96864 -89.59279 -90.10191 -90.53325 -90.91398 -91.2831 -91.75081 -92.21315 -92.76852 -93.34782 -93.92725 -94.53093 -95.16338 -95.82813 -96.53107 -97.27819
-56.9319 -57.47483 -58.04169 -58.57556 -59.11071 -59.63073 -60.07656 -60.3921 -60.62368 -60.82161 -60.98163 -61.39631 -61.68056 -62.21049 -62.85745 -63.51993 -64.19086 -64.86658 -65.5528 -66.26262 -67.01105 -67.80438 -68.64406 -69.52673 -70.45293 -71.42667 -72.44551 -73.49546 -74.5627 -75.64466 -76.74521 -77.86575 -78.99864 -80.13631 -81.27221 -82.3924 -83.47584 -84.50169 -85.45171 -86.31802 -87.09306 -87.79488 -88.42197 -89.01641 -89.64478 -90.23003 -90.71636 -91.11732 -91.44346 -91.8621 -92.41788 -93.0114 -93.62218 -94.24678 -94.88857 -95.54177 -96.2095 -96.89893 -97.61977 -98.38157
-57.85574 -58.39683 -58.94999 -59.43629 -59.92638 -60.42442 -60.82352 -60.9779 -61.21302 -61.47911 -61.84281 -62.3522 -62.87807 -63.48013 -64.1655 -64.89403 -65.63692 -66.3876 -67.14793 -67.9229 -68.71638 -69.53838 -70.39015 -71.27081 -72.18444 -73.1362 -74.12016 -75.11933 -76.12379 -77.13979 -78.17884 -79.24371 -80.32679 -81.41557 -82.5026 -83.5733 -84.60079 -85.56579 -86.45792 -87.28096 -88.03181 -88.71396 -89.28228 -89.79305 -90.33987 -90.83654 -91.2903 -91.5874 -92.0823 -92.68827 -93.23179 -93.86463 -94.53187 -95.21002 -95.89649 -96.59094 -97.29427 -98.01263 -98.75602 -99.53508
-58.77177 -59.29288 -59.80276 -60.22158 -60.60496 -60.98403 -61.46184 -61.80603 -62.15865 -62.53128 -62.98864 -63.58804 -64.24872 -64.93396 -65.6611 -66.425 -67.2137 -68.01926 -68.83855 -69.66585 -70.5015 -71.35171 -72.21725 -73.09854 -74.00356 -74.93613 -75.88461 -76.82981 -77.76851 -78.71849 -79.69855 -80.71191 -81.74709 -82.78733 -83.82465 -84.84112 -85.80105 -86.69922 -87.53395 -88.3154 -89.03815 -89.68837 -90.18525 -90.58191 -91.00449 -91.42182 -91.79983 -92.30696 -92.86737 -93.51173 -94.1621 -94.84596 -95.54887 -96.26186 -96.97991 -97.70139 -98.42839 -99.16878 -99.93245 -100.7295
