phastpp3-F90/examples/capecod/ArcData/bedr_clip_90.txt
ncols         110
nrows         219
xllcorner     274990.33027482
yllcorner     809982.31253672
cellsize      91.44
NODATA_value  -9999
[rows 0 to 25 of 219, columns 0 to 59 of 110]
-29.99582 -29.55313 -29.35314 -29.35754 -29.54912 -29.92514 -30.50736 -31.32606 -32.38736 -33.68148 -35.1632 -36.72527 -38.22886 -39.54459 -40.58017 -41.3158 -41.78076 -42.00535 -42.02478 -41.94073 -41.84936 -41.86992 -42.08184 -42.39163 -42.67844 -42.9201 -43.08429 -43.07872 -42.85019 -42.53821 -42.27944 -42.07638 -41.92031 -41.81627 -41.839 -42.07789 -42.56288 -43.23113 -44.05004 -45.01311 -46.13387 -47.38282 -48.68332 -49.92942 -51.0348 -51.89961 -52.44354 -52.67287 -52.59898 -52.2058 -51.49944 -50.53613 -49.40692 -48.13234 -46.64988 -44.94193 -43.07631 -41.21978 -39.50983 -38.04514
-28.65658 -28.24319 -28.07895 -28.10975 -28.31507 -28.69596 -29.28514 -30.13364 -31.26124 -32.65108 -34.23985 -35.8988 -37.47263 -38.81874 -39.8573 -40.57722 -41.01003 -41.13935 -41.01087 -40.82169 -40.73254 -40.90115 -41.43674 -42.18786 -42.88268 -43.38776 -43.66164 -43.66576 -43.40076 -42.97406 -42.49953 -42.05863 -41.69424 -41.4157 -41.30278 -41.4395 -41.84024 -42.50874 -43.41629 -44.55227 -45.87879 -47.3353 -48.84013 -50.27719 -51.5469 -52.56388 -53.21361 -53.44248 -53.26914 -52.71665 -51.81097 -50.59117 -49.13858 -47.56012 -45.92916 -44.18211 -42.39915 -40.71919 -39.17271 -37.88261
-27.17066 -26.86755 -26.80295 -26.90599 -27.15569 -27.56174 -28.1744 -29.06952 -30.28224 -31.78916 -33.50842 -35.29251 -36.96859 -38.38131 -39.46016 -40.19622 -40.58853 -40.55347 -40.21062 -39.79261 -39.6241 -40.0395 -41.06183 -42.3568 -43.53793 -44.35733 -44.71395 -44.62552 -44.18558 -43.53088 -42.7995 -42.07231 -41.41236 -40.91812 -40.64441 -40.65167 -40.99147 -41.68222 -42.70322 -44.01789 -45.5639 -47.23612 -48.93441 -50.54903 -51.96961 -53.12225 -53.89404 -54.15314 -53.86794 -53.11222 -51.98232 -50.52856 -48.82748 -46.98191 -45.14909 -43.34579 -41.62693 -40.08811 -38.69197 -37.54887
-25.56857 -25.47237 -25.5757 -25.79553 -26.11364 -26.55739 -27.20551 -28.16203 -29.47421 -31.11189 -32.97918 -34.92005 -36.74052 -38.27539 -39.45515 -40.25695 -40.61749 -40.39214 -39.77206 -38.92219 -38.55257 -39.40703 -41.14674 -43.08847 -44.77903 -45.91216 -46.27934 -45.98247 -45.24078 -44.26616 -43.17937 -42.07647 -41.08366 -40.30897 -39.83094 -39.69674 -39.98447 -40.7116 -41.88635 -43.44278 -45.23803 -47.12588 -48.993 -50.74844 -52.29141 -53.54546 -54.42817 -54.75964 -54.38265 -53.39721 -52.01192 -50.33387 -48.42618 -46.3693 -44.36035 -42.5098 -40.8349 -39.35653 -38.09588 -37.11729
-23.92624 -24.12723 -24.46255 -24.833 -25.22517 -25.70702 -26.39627 -27.42419 -28.84515 -30.61993 -32.64759 -34.77526 -36.7937 -38.53186 -39.899 -40.83819 -41.22883 -40.87078 -39.97235 -38.55619 -37.80826 -39.33446 -41.84089 -44.54498 -46.81263 -48.11013 -48.32093 -47.66588 -46.52086 -45.13695 -43.61671 -42.0882 -40.71062 -39.62639 -38.90194 -38.60216 -38.8191 -39.59676 -41.0001 -42.85088 -44.91364 -47.01814 -49.0294 -50.87022 -52.47905 -53.77941 -54.71862 -55.14626 -54.70938 -53.53845 -51.94033 -50.05793 -47.96 -45.74521 -43.56393 -41.59363 -39.91992 -38.54346 -37.44963 -36.64852
-22.35036 -22.91387 -23.53364 -24.0619 -24.50387 -25.00766 -25.73766 -26.84446 -28.38095 -30.29506 -32.49055 -34.8279 -37.10809 -39.14531 -40.79779 -41.97476 -42.51488 -42.17517 -41.22736 -39.73169 -38.94386 -40.65521 -43.15489 -46.7284 -49.69139 -50.94764 -50.70514 -49.49463 -47.83862 -45.96483 -43.97603 -42.03199 -40.29644 -38.8892 -37.90434 -37.39998 -37.48273 -38.33873 -40.02687 -42.20002 -44.60052 -46.95799 -49.0711 -50.91518 -52.50365 -53.7809 -54.67361 -55.05471 -54.6361 -53.47395 -51.81276 -49.80902 -47.55952 -45.21147 -42.87137 -40.71272 -39.0179 -37.78801 -36.87943 -36.24919
-20.95611 -21.90591 -22.83658 -23.49531 -23.91973 -24.4008 -25.17274 -26.38143 -28.04745 -30.10184 -32.46428 -35.02213 -37.61753 -40.03123 -42.07278 -43.62307 -44.42651 -44.27377 -43.55267 -42.68884 -42.80126 -43.95327 -45.44783 -50.32049 -53.7382 -54.30282 -53.12345 -51.1408 -48.88682 -46.46637 -44.03302 -41.79518 -39.78902 -38.113 -36.88086 -36.08707 -35.97693 -36.92012 -38.85373 -41.43907 -44.44038 -47.10933 -49.16682 -50.87482 -52.35634 -53.56785 -54.38476 -54.68012 -54.31417 -53.27778 -51.69221 -49.69184 -47.38842 -44.95016 -42.44958 -40.04638 -38.3689 -37.32585 -36.55312 -36.02492
-19.84487 -21.0943 -22.32286 -23.08702 -23.34223 -23.72492 -24.59062 -25.98266 -27.80833 -29.99815 -32.51177 -35.27525 -38.18884 -41.00799 -43.55853 -45.64452 -46.72601 -46.77898 -46.31169 -45.99546 -46.73997 -48.46572 -50.93721 -55.66765 -58.5946 -57.33995 -54.87667 -52.11823 -49.3462 -46.51871 -43.77054 -41.32235 -39.14006 -37.31187 -35.84669 -34.69962 -34.37106 -35.23745 -37.24833 -40.49181 -44.68772 -47.61946 -49.23291 -50.65417 -52.01715 -53.18098 -53.98735 -54.29535 -54.01162 -53.11459 -51.67025 -49.77918 -47.54053 -45.13139 -42.61682 -40.12438 -38.44312 -37.41371 -36.61013 -36.06401
-19.05608 -20.28095 -21.61424 -22.49439 -22.39546 -22.67502 -23.86591 -25.64301 -27.65169 -29.9464 -32.57393 -35.48826 -38.64249 -41.80636 -44.90128 -47.68063 -48.92414 -48.94112 -48.70161 -48.77206 -49.62449 -51.59478 -54.16381 -58.22571 -60.30968 -57.96138 -54.99953 -51.95766 -48.95832 -46.0256 -43.18493 -40.56087 -38.32808 -36.51968 -34.8628 -33.39012 -32.74038 -33.02535 -34.79992 -38.73148 -44.59398 -47.60809 -48.72379 -50.05168 -51.45344 -52.66492 -53.52847 -53.93046 -53.78889 -53.06973 -51.81262 -50.10072 -48.03972 -45.76991 -43.45218 -41.21545 -39.42376 -38.11031 -37.09351 -36.41017
-18.59446 -19.33977 -20.16602 -20.89595 -20.58621 -20.87258 -22.91785 -25.42392 -27.55095 -29.89963 -32.59815 -35.58243 -38.81866 -42.11804 -45.40024 -48.48284 -49.8297 -49.9449 -49.98046 -50.36037 -51.09986 -52.5308 -54.12897 -55.91526 -56.68707 -55.43829 -53.23207 -50.57026 -47.66809 -44.77934 -41.99529 -39.41558 -37.31456 -35.72529 -34.0059 -32.32864 -31.19777 -30.20581 -31.40771 -35.63121 -41.1959 -45.03441 -47.2005 -49.05259 -50.72355 -52.09458 -53.07209 -53.60062 -53.63484 -53.13741 -52.11726 -50.64186 -48.82439 -46.77388 -44.65424 -42.59634 -40.75066 -39.19332 -37.92596 -37.02906
-18.52276 -18.6151 -18.7404 -19.13759 -17.79972 -18.31337 -21.64479 -24.9649 -27.32062 -29.80018 -32.56521 -35.54314 -38.67294 -41.84986 -44.84353 -47.43309 -48.95821 -49.59768 -49.9859 -50.41806 -50.95194 -51.69284 -52.35353 -52.36024 -52.17002 -51.58779 -50.29377 -48.27723 -45.72315 -43.00015 -40.35844 -37.95243 -36.04349 -34.65057 -33.19176 -31.66172 -30.38199 -28.29848 -28.80182 -33.48444 -38.46204 -42.58961 -45.66807 -48.08707 -50.04382 -51.57678 -52.68232 -53.34676 -53.55521 -53.28594 -52.53023 -51.33344 -49.78464 -48.008 -46.08371 -44.12558 -42.23886 -40.50867 -39.02369 -37.89163
-18.93104 -18.48804 -17.87032 -17.32838 -15.94758 -17.31776 -21.00984 -24.30498 -27.0234 -29.75191 -32.5566 -35.42114 -38.30722 -41.18141 -43.85327 -46.09361 -47.55087 -48.43235 -48.99663 -49.38705 -49.52359 -49.48168 -49.01543 -47.65012 -47.16111 -47.34438 -46.89212 -45.5226 -43.42121 -40.98447 -38.52163 -36.34624 -34.70698 -33.57647 -32.6656 -31.60253 -30.91978 -29.91344 -30.56883 -34.05946 -38.17108 -41.90524 -45.03199 -47.57623 -49.6241 -51.22933 -52.4138 -53.18854 -53.55066 -53.48785 -52.98816 -52.07425 -50.8221 -49.31684 -47.62634 -45.78983 -43.88451 -42.02762 -40.36461 -39.03553
-19.84046 -19.16355 -18.35992 -17.91656 -17.99538 -19.69497 -22.26698 -24.48926 -27.30119 -30.18429 -32.75581 -35.25911 -37.82923 -40.33674 -42.70702 -44.6918 -46.03503 -46.93331 -47.47977 -47.69691 -47.44858 -46.90669 -45.42155 -42.55728 -42.31168 -43.3938 -43.58761 -42.78002 -41.13923 -38.99444 -36.67229 -34.76422 -33.60981 -32.98158 -32.67654 -32.26754 -32.16716 -32.50638 -33.57708 -35.99854 -39.17847 -42.34721 -45.17221 -47.56591 -49.54073 -51.11825 -52.31326 -53.14528 -53.61696 -53.72089 -53.44304 -52.79511 -51.83413 -50.61626 -49.16439 -47.48909 -45.62678 -43.70741 -41.90855 -40.39732
-21.1123 -20.39508 -19.98352 -20.07407 -20.8959 -22.92295 -25.10097 -26.08489 -29.07957 -31.5268 -33.13629 -34.93238 -37.14047 -39.44895 -41.6029 -43.36659 -44.55964 -45.34923 -45.69915 -45.68293 -45.32963 -44.4909 -43.18965 -41.16232 -40.41437 -40.82224 -40.98931 -40.50867 -39.31898 -37.45219 -35.19337 -33.55808 -33.11131 -33.05076 -33.17997 -33.50383 -33.83812 -34.64107 -36.08268 -38.16046 -40.68728 -43.33066 -45.80316 -47.96542 -49.78419 -51.25961 -52.4003 -53.22952 -53.75292 -53.96893 -53.86851 -53.44988 -52.75484 -51.82235 -50.63897 -49.15232 -47.38219 -45.45317 -43.57991 -41.89028
-22.43819 -21.85402 -21.89621 -22.5118 -23.66224 -25.77015 -28.85795 -30.81043 -31.77944 -32.33818 -32.7035 -34.00833 -36.09263 -38.38955 -40.56235 -42.24455 -43.24589 -43.84466 -43.87775 -43.6513 -43.44601 -42.63225 -41.55837 -40.3582 -39.51815 -39.28102 -39.17351 -38.91821 -38.27007 -36.73227 -34.8648 -33.73117 -33.63882 -33.86345 -34.26876 -34.86694 -35.70734 -36.77369 -38.26468 -40.19422 -42.4011 -44.65928 -46.79007 -48.68626 -50.30201 -51.62404 -52.66 -53.43533 -53.95584 -54.22313 -54.24304 -54.00777 -53.53565 -52.86511 -51.95101 -50.67711 -49.03183 -47.14903 -45.25629 -43.48367
-23.59158 -23.39082 -23.78148 -24.5974 -25.81865 -27.21315 -29.5036 -30.86553 -30.47876 -30.07117 -30.65391 -32.36074 -34.7136 -37.15277 -39.36101 -41.05662 -42.06764 -42.58834 -42.54152 -42.25865 -41.98091 -41.35252 -40.35361 -39.36394 -38.54895 -38.11576 -37.79505 -37.55565 -37.73583 -36.41502 -35.20369 -34.7329 -34.93082 -35.35145 -35.80386 -36.41952 -37.32907 -38.60624 -40.19165 -42.03706 -44.02876 -46.02583 -47.89843 -49.56353 -50.98297 -52.141 -53.04761 -53.73515 -54.21168 -54.47866 -54.55663 -54.44231 -54.13314 -53.65987 -52.97296 -51.91687 -50.41916 -48.63845 -46.79512 -45.00956
-25.07292 -25.22733 -25.66926 -26.26708 -27.18915 -27.72897 -28.06271 -27.78883 -26.80205 -26.74092 -28.19758 -30.58544 -33.32289 -35.96451 -38.23844 -39.99363 -41.0796 -41.60432 -41.64467 -41.3579 -40.93551 -40.38574 -39.64966 -38.76167 -37.93347 -37.3826 -36.81253 -35.78013 -35.44548 -35.54119 -35.42891 -35.75764 -36.498 -37.16615 -37.57209 -38.05312 -38.89073 -40.12365 -41.71445 -43.53446 -45.43456 -47.28488 -48.98519 -50.47355 -51.72638 -52.73466 -53.51023 -54.09252 -54.49782 -54.72761 -54.80827 -54.74288 -54.51715 -54.14244 -53.58525 -52.69796 -51.36327 -49.74544 -48.05762 -46.36443
-28.06857 -27.65168 -27.58979 -27.74529 -27.96588 -27.98294 -27.366 -25.9241 -24.02828 -24.28145 -26.51042 -29.35786 -32.32353 -35.08228 -37.40474 -39.17895 -40.35225 -40.90137 -40.96704 -40.68862 -40.24692 -39.74161 -39.17822 -38.51145 -37.81317 -37.17058 -36.61683 -35.59872 -35.0087 -35.30504 -35.88774 -36.80856 -38.0963 -39.01851 -39.27756 -39.63389 -40.33341 -41.48977 -43.05473 -44.84667 -46.6858 -48.43705 -50.0111 -51.35787 -52.46614 -53.34049 -53.99624 -54.47254 -54.79232 -54.96144 -55.00373 -54.92109 -54.69657 -54.3242 -53.78907 -52.97255 -51.79688 -50.38809 -48.91927 -47.43868
-30.38358 -29.71 -29.27025 -28.98777 -28.67293 -28.13339 -27.21323 -25.70926 -23.97681 -24.17591 -26.28784 -29.07545 -31.98431 -34.68826 -36.95783 -38.68231 -39.85727 -40.47905 -40.59923 -40.36371 -39.94905 -39.51639 -39.09008 -38.59256 -38.07726 -37.48791 -37.02615 -36.46206 -35.99957 -36.12628 -36.78335 -37.78539 -39.13739 -40.04364 -40.38166 -40.80667 -41.46256 -42.61699 -44.25076 -46.07494 -47.87875 -49.53669 -50.98181 -52.18555 -53.15228 -53.90269 -54.45628 -54.84324 -55.08115 -55.17801 -55.15558 -55.0083 -54.71513 -54.279 -53.70076 -52.9042 -51.82536 -50.55602 -49.28402 -48.08353
-30.88267 -30.59591 -30.29401 -29.93131 -29.37337 -28.60976 -27.58676 -26.46207 -25.52588 -25.7323 -27.32679 -29.71295 -32.32446 -34.8117 -36.93216 -38.54399 -39.63033 -40.25026 -40.46056 -40.33924 -40.0206 -39.6748 -39.37051 -39.05928 -38.69344 -38.3532 -37.93085 -37.56079 -37.29113 -37.33805 -37.82807 -38.53616 -39.37384 -39.92317 -40.08485 -40.60331 -41.70332 -43.354 -45.30941 -47.26502 -49.05537 -50.60489 -51.89177 -52.9241 -53.7379 -54.37152 -54.84602 -55.17563 -55.35723 -55.38722 -55.28602 -55.04428 -54.63279 -54.07972 -53.4164 -52.58686 -51.51714 -50.25737 -49.07398 -48.09174
-30.87758 -30.75604 -30.62693 -30.48104 -29.95321 -29.25459 -28.43821 -27.61065 -27.1739 -27.53332 -28.84358 -30.84697 -33.11933 -35.33995 -37.25784 -38.70756 -39.66918 -40.21746 -40.4486 -40.44589 -40.28109 -40.07379 -39.91804 -39.76667 -39.60087 -39.43873 -39.26315 -38.98482 -38.74738 -38.71529 -38.95905 -39.2964 -39.55294 -39.48942 -39.12852 -39.61478 -41.51159 -43.95827 -46.35133 -48.46151 -50.22194 -51.62793 -52.71088 -53.53223 -54.17667 -54.70297 -55.1321 -55.45221 -55.62186 -55.60838 -55.42611 -55.07026 -54.51249 -53.79433 -52.99361 -52.0757 -50.92973 -49.55187 -48.27074 -47.24022
-30.74577 -30.74555 -30.73378 -30.72028 -30.47628 -29.99964 -29.3925 -28.74489 -28.53349 -29.02329 -30.23336 -32.00213 -34.06239 -36.12637 -37.841 -39.06561 -39.86267 -40.32136 -40.54051 -40.61599 -40.60339 -40.56601 -40.57318 -40.60299 -40.61438 -40.62987 -40.61535 -40.54124 -40.39722 -40.31352 -40.33776 -40.38062 -40.25584 -39.8627 -38.82807 -39.17536 -42.0174 -45.04282 -47.66169 -49.78176 -51.41322 -52.59962 -53.41195 -53.97962 -54.43345 -54.86768 -55.30394 -55.67921 -55.89175 -55.86683 -55.60822 -55.12588 -54.40364 -53.4924 -52.49947 -51.42984 -50.15346 -48.59398 -47.037 -45.58209
-30.42494 -30.58414 -30.67627 -30.76769 -30.72298 -30.5829 -30.1543 -29.59718 -29.51062 -30.06754 -31.22207 -32.87542 -34.90357 -37.01745 -38.54545 -39.45396 -40.0572 -40.45076 -40.67701 -40.81394 -40.9353 -41.06806 -41.24141 -41.44279 -41.62437 -41.77127 -41.90468 -42.00425 -42.01212 -41.98691 -41.992 -41.94813 -41.75991 -41.45655 -40.86071 -41.52642 -44.19537 -47.0476 -49.46764 -51.35072 -52.69834 -53.5521 -54.01225 -54.26678 -54.49764 -54.87034 -55.38234 -55.88628 -56.19933 -56.19304 -55.85985 -55.2371 -54.33796 -53.22201 -52.00667 -50.73861 -49.32024 -47.61377 -45.82037 -43.90235
-29.90651 -30.22902 -30.45214 -30.63856 -30.73152 -30.71933 -30.5736 -30.20577 -30.15378 -30.63742 -31.68019 -33.25303 -35.29653 -37.57836 -38.93631 -39.58675 -40.08122 -40.48213 -40.7822 -41.01463 -41.26005 -41.54526 -41.88387 -42.24297 -42.56487 -42.83436 -43.08084 -43.34925 -43.51482 -43.62468 -43.74799 -43.89061 -43.91799 -44.04266 -44.47315 -45.67952 -47.65483 -49.82413 -51.73607 -53.18769 -54.11755 -54.53288 -54.5612 -54.4181 -54.39774 -54.7484 -55.39855 -56.11009 -56.58514 -56.61474 -56.1922 -55.40709 -54.31923 -53.00178 -51.56511 -50.0913 -48.5471 -46.79564 -45.00216 -43.2314
-29.31698 -29.73441 -30.05592 -30.31511 -30.49093 -30.55843 -30.56136 -30.51431 -30.4818 -30.74219 -31.58893 -33.02103 -34.91211 -36.93322 -38.37626 -39.22598 -39.84126 -40.35643 -40.79394 -41.17613 -41.5559 -41.99607 -42.48723 -42.95531 -43.38264 -43.77599 -44.15545 -44.5163 -44.81262 -45.09424 -45.44751 -45.86551 -46.36044 -46.89506 -47.95815 -49.64585 -51.20842 -52.82432 -54.22195 -55.19135 -55.64678 -55.57 -55.10227 -54.48292 -54.19205 -54.50291 -55.33445 -56.38678 -57.10216 -57.14464 -56.5807 -55.59885 -54.31641 -52.815 -51.18684 -49.53419 -47.88342 -46.18521 -44.49416 -43.04879
-28.68533 -29.17575 -29.56417 -29.86553 -30.08369 -30.20712 -30.26247 -30.29585 -30.32056 -30.48034 -31.08466 -32.29197 -34.00842 -35.84928 -37.39156 -38.52978 -39.39581 -40.10318 -40.7146 -41.26691 -41.80841 -42.41062 -42.99125 -43.51761 -44.03386 -44.51443 -44.96191 -45.39206 -45.81905 -46.30061 -46.90817 -47.66071 -48.60187 -49.65948 -50.97787 -52.65039 -54.27058 -55.67518 -56.70473 -57.24308 -57.24214 -56.68063 -55.68976 -54.5501 -53.90067 -53.99835 -55.06755 -56.76716 -57.80887 -57.73598 -56.93082 -55.72086 -54.25831 -52.61406 -50.84974 -49.06076 -47.3381 -45.69845 -44.1456 -42.87816
