phastpp3-F90/examples/capecod/ArcData/bedr_clip_90.txt
ncols         110
nrows         219
xllcorner     274990.33027482
yllcorner     809982.31253672
cellsize      91.44
NODATA_value  -9999
[rows 182 to 207 of 219, columns 0 to 59 of 110]
-59.6746 -60.12903 -60.53365 -60.94071 -61.22263 -61.73769 -62.30656 -62.81128 -63.31231 -63.8299 -64.38839 -65.02992 -65.74406 -66.49467 -67.27143 -68.07585 -68.90261 -69.74892 -70.61201 -71.48175 -72.35271 -73.22833 -74.10776 -74.99208 -75.8917 -76.80591 -77.71582 -78.60227 -79.4731 -80.35925 -81.28401 -82.24858 -83.23512 -84.22707 -85.21303 -86.163 -87.04734 -87.88273 -88.64795 -89.35101 -89.99827 -90.59434 -91.0103 -91.2979 -91.58318 -92.02762 -92.62668 -93.27309 -93.90775 -94.57353 -95.26894 -95.9796 -96.69886 -97.42338 -98.15151 -98.88357 -99.62292 -100.3772 -101.1552 -101.9663
-60.50787 -60.82473 -61.10807 -61.56435 -62.1134 -62.7132 -63.34398 -63.95896 -64.57549 -65.21011 -65.87974 -66.59606 -67.35578 -68.14807 -68.96889 -69.81513 -70.68194 -71.56722 -72.466 -73.3654 -74.25923 -75.15249 -76.04252 -76.93118 -77.82691 -78.72176 -79.58822 -80.41225 -81.21679 -82.04228 -82.91243 -83.82385 -84.75639 -85.69948 -86.62669 -87.50145 -88.31857 -89.08624 -89.73065 -90.2784 -90.79684 -91.26574 -91.67501 -91.94363 -92.3685 -92.94388 -93.62185 -94.33562 -95.05369 -95.77026 -96.49158 -97.21762 -97.94578 -98.67518 -99.40643 -100.1418 -100.8864 -101.6478 -102.4338 -103.2533
-61.08484 -61.42216 -61.92005 -62.54087 -63.20675 -63.87815 -64.5617 -65.25402 -65.95502 -66.67592 -67.42201 -68.20325 -69.01955 -69.86325 -70.73056 -71.62072 -72.52892 -73.45152 -74.38009 -75.29896 -76.20598 -77.10836 -78.00597 -78.89952 -79.78957 -80.66053 -81.47831 -82.24023 -82.9812 -83.74452 -84.55354 -85.40257 -86.27354 -87.16264 -88.02469 -88.82915 -89.58878 -90.25259 -90.70696 -91.04015 -91.4399 -91.90807 -92.48123 -92.92796 -93.40994 -94.01404 -94.72209 -95.47741 -96.24506 -97.01043 -97.76804 -98.51802 -99.26137 -99.99866 -100.733 -101.47 -102.2168 -102.9812 -103.7702 -104.5932
-61.75662 -62.27262 -62.91181 -63.63161 -64.37758 -65.12695 -65.87743 -66.63644 -67.41284 -68.20849 -69.02584 -69.8682 -70.73421 -71.62281 -72.53465 -73.46764 -74.4141 -75.36819 -76.31898 -77.25208 -78.16811 -79.07742 -79.98617 -80.88306 -81.76093 -82.60017 -83.36569 -84.06501 -84.73724 -85.43285 -86.17971 -86.96217 -87.75436 -88.57349 -89.36419 -90.08524 -90.76447 -91.25376 -91.48648 -91.87132 -92.31556 -92.90456 -93.50104 -94.05056 -94.60674 -95.23703 -95.95666 -96.73383 -97.53088 -98.32433 -99.10742 -99.87875 -100.6369 -101.3827 -102.1216 -102.8611 -103.6092 -104.3734 -105.1611 -105.9825
-62.66042 -63.28082 -63.9943 -64.77959 -65.59741 -66.42082 -67.24551 -68.07754 -68.92403 -69.78628 -70.66732 -71.56917 -72.4876 -73.41962 -74.36862 -75.3342 -76.3088 -77.28243 -78.24779 -79.19375 -80.11967 -81.04508 -81.97042 -82.86272 -83.71989 -84.51754 -85.22175 -85.84679 -86.44313 -87.08172 -87.78314 -88.49021 -89.1514 -89.86371 -90.56902 -91.1139 -91.62024 -92.03178 -92.49763 -93.01083 -93.54592 -94.12473 -94.70625 -95.29523 -95.91411 -96.59119 -97.33147 -98.11645 -98.92042 -99.72626 -100.5247 -101.3092 -102.0763 -102.8278 -103.5711 -104.3134 -105.061 -105.8209 -106.6019 -107.4161
-63.70728 -64.41307 -65.17965 -66.00878 -66.88078 -67.76806 -68.65916 -69.55845 -70.4713 -71.3968 -72.33584 -73.29194 -74.25842 -75.22784 -76.2039 -77.18963 -78.17915 -79.16219 -80.14038 -81.09996 -82.04494 -83.00011 -83.93569 -84.81332 -85.64476 -86.3823 -87.00168 -87.54215 -88.07987 -88.69077 -89.34626 -89.9388 -90.399 -90.9223 -91.48025 -91.92168 -92.44504 -93.01519 -93.59882 -94.20419 -94.80666 -95.42009 -96.03828 -96.67014 -97.33679 -98.05057 -98.81047 -99.60159 -100.4073 -101.2176 -102.0237 -102.8145 -103.5848 -104.3392 -105.0857 -105.829 -106.5719 -107.3213 -108.0881 -108.8884
-64.85057 -65.6217 -66.44689 -67.3175 -68.22796 -69.16386 -70.11234 -71.07159 -72.04249 -73.02267 -74.01266 -75.01423 -76.01786 -77.01229 -78.00249 -78.99483 -79.98769 -80.97906 -81.97095 -82.94936 -83.93291 -84.92185 -85.85485 -86.72195 -87.52003 -88.15767 -88.66073 -89.12755 -89.64098 -90.21381 -90.74763 -91.14301 -91.43852 -91.80206 -92.40052 -92.9537 -93.51971 -94.12977 -94.76793 -95.42876 -96.09544 -96.75891 -97.42797 -98.11457 -98.82748 -99.57494 -100.3545 -101.1546 -101.9654 -102.7816 -103.5934 -104.3867 -105.1579 -105.9148 -106.6649 -107.4066 -108.1385 -108.8689 -109.6129 -110.3921
-66.0659 -66.90077 -67.78059 -68.69644 -69.64461 -70.6181 -71.61012 -72.6167 -73.63225 -74.65331 -75.68105 -76.71429 -77.73792 -78.73863 -79.72472 -80.7099 -81.70203 -82.70265 -83.70567 -84.71941 -85.76141 -86.77645 -87.7129 -88.58612 -89.32016 -89.78043 -90.14278 -90.51577 -91.01199 -91.39621 -91.7235 -92.03591 -92.42237 -92.89844 -93.4735 -94.06898 -94.682 -95.32179 -95.99879 -96.70123 -97.41576 -98.13223 -98.8524 -99.58378 -100.3367 -101.116 -101.9179 -102.7338 -103.5585 -104.3876 -105.2085 -106.0055 -106.7799 -107.5433 -108.299 -109.0371 -109.7516 -110.4533 -111.1671 -111.9172
-67.35518 -68.24298 -69.17521 -70.14061 -71.13058 -72.13821 -73.16121 -74.19807 -75.24119 -76.28455 -77.33032 -78.37473 -79.39687 -80.3828 -81.34458 -82.31178 -83.29847 -84.30012 -85.31807 -86.38699 -87.47773 -88.49299 -89.44774 -90.30376 -90.93771 -91.09029 -91.38644 -91.48589 -91.91702 -92.2659 -92.67319 -93.09383 -93.56257 -94.07414 -94.62582 -95.22852 -95.87665 -96.56467 -97.2811 -98.02122 -98.77316 -99.52704 -100.2858 -101.056 -101.8449 -102.6545 -103.4802 -104.3164 -105.161 -106.009 -106.8438 -107.6496 -108.4334 -109.21 -109.9747 -110.7076 -111.3972 -112.0626 -112.7396 -113.4521
-68.71722 -69.65129 -70.63057 -71.64249 -72.67598 -73.7185 -74.76601 -75.81823 -76.86941 -77.9145 -78.95602 -79.98682 -80.98442 -81.93498 -82.85794 -83.79606 -84.76244 -85.75852 -86.80301 -87.90262 -88.96529 -89.90807 -90.83384 -91.48792 -91.93858 -92.14516 -92.34228 -92.63941 -93.01103 -93.40606 -93.82742 -94.27547 -94.75863 -95.27976 -95.84949 -96.47205 -97.15167 -97.87506 -98.62598 -99.39412 -100.1694 -100.9481 -101.735 -102.5357 -103.3536 -104.1891 -105.0376 -105.896 -106.7631 -107.6331 -108.485 -109.3049 -110.1056 -110.9029 -111.68 -112.405 -113.0627 -113.6859 -114.3158 -114.9835
-70.1452 -71.12437 -72.15016 -73.2067 -74.27927 -75.35263 -76.41851 -77.47453 -78.51595 -79.54227 -80.55637 -81.55048 -82.50439 -83.40389 -84.2788 -85.17084 -86.10365 -87.09581 -88.1431 -89.1758 -90.10306 -90.91097 -91.70579 -92.32619 -92.77847 -93.16904 -93.51485 -93.88457 -94.29177 -94.71586 -95.15108 -95.60488 -96.08308 -96.60549 -97.18551 -97.82971 -98.52995 -99.27293 -100.0436 -100.8291 -101.6182 -102.4103 -103.2142 -104.0353 -104.8733 -105.7266 -106.5928 -107.4714 -108.3618 -109.2544 -110.1254 -110.9646 -111.789 -112.6123 -113.4032 -114.1149 -114.7361 -115.3071 -115.8759 -116.4938
-71.62605 -72.65633 -73.73379 -74.83756 -75.94592 -77.0426 -78.1151 -79.16222 -80.17864 -81.16701 -82.13143 -83.0726 -83.97073 -84.81116 -85.63087 -86.46188 -87.35468 -88.31416 -89.28178 -90.16143 -90.94059 -91.70519 -92.4826 -93.12522 -93.64184 -94.13895 -94.62112 -95.08051 -95.55175 -96.03164 -96.51107 -96.99281 -97.49466 -98.03428 -98.62875 -99.28522 -99.99749 -100.7512 -101.5313 -102.3249 -103.1199 -103.9181 -104.7308 -105.5613 -106.4069 -107.2667 -108.1429 -109.0375 -109.9506 -110.8653 -111.7596 -112.6236 -113.4761 -114.324 -115.1247 -115.8183 -116.3993 -116.8977 -117.3961 -117.9648
-73.14401 -74.23804 -75.37746 -76.53306 -77.67809 -78.79054 -79.85799 -80.88176 -81.85542 -82.78471 -83.68315 -84.56124 -85.39412 -86.17524 -86.94169 -87.70725 -88.53741 -89.3848 -90.19468 -90.9474 -91.70502 -92.51799 -93.26826 -93.93935 -94.53449 -95.10207 -95.66154 -96.21159 -96.75076 -97.28854 -97.82424 -98.36032 -98.90845 -99.48696 -100.1126 -100.7929 -101.5229 -102.2877 -103.0743 -103.8709 -104.6672 -105.4663 -106.2803 -107.1084 -107.9463 -108.7994 -109.6768 -110.5841 -111.5191 -112.4584 -113.3824 -114.2717 -115.1477 -116.0099 -116.813 -117.4918 -118.0238 -118.4253 -118.8522 -119.3761
-74.69578 -75.86884 -77.08098 -78.29005 -79.47078 -80.59085 -81.64861 -82.63177 -83.5386 -84.38622 -85.20776 -86.0115 -86.77236 -87.50581 -88.2323 -88.92906 -89.65639 -90.3398 -90.96507 -91.69746 -92.50883 -93.31304 -94.05744 -94.73581 -95.3992 -96.05151 -96.68831 -97.30545 -97.90857 -98.50314 -99.09362 -99.68712 -100.2934 -100.9244 -101.5942 -102.3109 -103.0684 -103.8516 -104.6481 -105.4483 -106.2445 -107.0406 -107.8472 -108.6599 -109.4755 -110.3097 -111.1806 -112.1005 -113.0598 -114.0302 -114.9807 -115.882 -116.7695 -117.6334 -118.434 -119.1042 -119.5801 -119.8677 -120.2002 -120.6773
-76.29352 -77.56223 -78.84961 -80.10815 -81.31477 -82.43415 -83.47425 -84.39269 -85.21059 -85.95776 -86.68793 -87.40639 -88.10227 -88.80347 -89.49026 -90.10445 -90.6749 -91.21376 -91.69189 -92.49574 -93.32537 -94.11284 -94.85854 -95.58764 -96.30434 -97.01564 -97.71326 -98.38886 -99.0442 -99.68633 -100.3254 -100.9722 -101.6352 -102.3226 -103.0451 -103.8072 -104.6003 -105.4098 -106.2242 -107.0347 -107.8334 -108.6239 -109.4129 -110.1973 -110.9776 -111.7836 -112.646 -113.5832 -114.5693 -115.5679 -116.5237 -117.4211 -118.3165 -119.1667 -119.939 -120.5843 -121.0052 -121.183 -121.3252 -121.7331
-77.9635 -79.33836 -80.6888 -81.98119 -83.18927 -84.29726 -85.30209 -86.14125 -86.87129 -87.49189 -88.0994 -88.73942 -89.38794 -90.03886 -90.63337 -91.12751 -91.47199 -91.9574 -92.6296 -93.40563 -94.20296 -94.98859 -95.76627 -96.5355 -97.29689 -98.04491 -98.77414 -99.48295 -100.1746 -100.8559 -101.536 -102.2277 -102.9393 -103.6781 -104.4528 -105.2635 -106.0968 -106.9378 -107.7771 -108.6055 -109.4117 -110.1951 -110.9583 -111.7045 -112.4417 -113.2154 -114.0736 -115.028 -116.035 -117.0495 -117.9947 -118.8863 -119.7836 -120.5707 -121.1913 -121.7295 -121.9574 -122.2234 -122.2401 -122.5058
-79.74823 -81.2113 -82.59341 -83.88124 -85.05026 -86.13377 -87.09718 -87.88414 -88.56276 -88.97118 -89.39494 -89.98151 -90.58611 -91.10903 -91.47448 -91.91541 -92.41335 -93.00616 -93.69582 -94.4359 -95.20306 -95.99114 -96.7916 -97.58917 -98.37057 -99.13019 -99.8697 -100.5926 -101.3048 -102.0132 -102.7266 -103.4559 -104.2087 -104.9916 -105.8126 -106.6685 -107.5426 -108.4185 -109.2883 -110.1402 -110.9579 -111.7327 -112.4674 -113.1713 -113.8667 -114.6095 -115.4635 -116.4217 -117.445 -118.4859 -119.4243 -120.278 -121.0912 -121.7177 -121.9544 -122.4572 -122.8389 -123.1217 -123.2705 -123.4997
-81.68865 -83.18422 -84.5411 -85.7613 -86.8467 -87.89188 -88.81633 -89.57384 -90.2666 -90.26169 -90.48876 -90.99764 -91.4732 -91.92174 -92.41397 -92.97509 -93.57516 -94.20121 -94.8748 -95.59343 -96.34738 -97.12897 -97.92497 -98.71792 -99.4936 -100.2474 -100.9819 -101.7043 -102.4238 -103.1479 -103.8854 -104.6458 -105.4338 -106.255 -107.1166 -108.0127 -108.9245 -109.8363 -110.7403 -111.6214 -112.4539 -113.2211 -113.9318 -114.5962 -115.259 -115.9704 -116.8092 -117.754 -118.804 -119.9102 -120.7942 -121.454 -121.9536 -122.4634 -122.8347 -123.2827 -123.7204 -124.058 -124.3006 -124.531
-83.78054 -85.24088 -86.49554 -87.57226 -88.53342 -89.51125 -90.36024 -90.97022 -91.50601 -91.21748 -91.43365 -91.78703 -92.34888 -92.89489 -93.50077 -94.15379 -94.82296 -95.48617 -96.16296 -96.87141 -97.60982 -98.36687 -99.13086 -99.89044 -100.637 -101.3677 -102.0857 -102.7985 -103.5165 -104.248 -105.001 -105.7845 -106.6013 -107.4553 -108.3525 -109.2846 -110.2307 -111.1773 -112.1169 -113.0318 -113.8829 -114.6514 -115.3478 -115.9816 -116.6251 -117.2987 -118.1073 -119.0057 -120.0444 -121.2098 -121.8871 -122.1984 -122.6624 -123.1647 -123.6399 -124.1081 -124.5662 -124.9544 -125.2662 -125.5418
-85.96348 -87.31028 -88.38245 -89.25153 -90.05149 -90.85568 -91.4891 -92.00462 -92.46325 -92.3342 -92.52229 -92.96152 -93.52596 -94.1032 -94.73048 -95.41045 -96.1076 -96.80434 -97.49931 -98.2019 -98.91664 -99.63828 -100.3583 -101.0714 -101.775 -102.4705 -103.1632 -103.8603 -104.5715 -105.3046 -106.0671 -106.8667 -107.7052 -108.5854 -109.5118 -110.4743 -111.4511 -112.4302 -113.405 -114.3554 -115.2316 -116.0141 -116.7057 -117.3276 -117.9675 -118.5954 -119.3547 -120.168 -121.0043 -121.9216 -122.5142 -122.9521 -123.4117 -123.8965 -124.3998 -124.8916 -125.3634 -125.7893 -126.1545 -126.474
-88.13081 -89.23535 -90.05268 -90.73589 -91.36239 -91.84692 -92.4425 -92.97935 -93.47029 -93.71321 -93.93791 -94.31448 -94.82993 -95.41161 -96.03632 -96.70524 -97.40118 -98.10398 -98.80376 -99.49815 -100.1884 -100.8742 -101.5524 -102.2213 -102.8822 -103.5405 -104.2042 -104.8819 -105.5829 -106.314 -107.0814 -107.8919 -108.7461 -109.6452 -110.5933 -111.5793 -112.5807 -113.5869 -114.5935 -115.5779 -116.4861 -117.2904 -117.9855 -118.6236 -119.2683 -119.8268 -120.483 -121.3281 -121.856 -122.4289 -123.1431 -123.7071 -124.2086 -124.689 -125.1673 -125.6481 -126.1205 -126.5653 -126.9696 -127.3323
-90.14162 -90.86931 -91.37563 -91.92395 -92.507 -93.01438 -93.53979 -94.05589 -94.52713 -94.9156 -95.25149 -95.63718 -96.11627 -96.67717 -97.29633 -97.95528 -98.63809 -99.33124 -100.0231 -100.7053 -101.3741 -102.0298 -102.6734 -103.3068 -103.9339 -104.5618 -105.1999 -105.8585 -106.5476 -107.2742 -108.0431 -108.86 -109.7247 -110.6364 -111.5985 -112.6003 -113.6187 -114.6437 -115.6738 -116.6867 -117.6267 -118.4519 -119.1581 -119.8369 -120.4677 -120.9268 -121.3015 -121.9474 -122.5513 -123.1465 -123.8021 -124.3917 -124.9241 -125.4265 -125.9115 -126.3842 -126.8485 -127.2987 -127.7235 -128.1192
-91.71814 -92.20299 -92.72025 -93.32391 -93.86344 -94.32245 -94.76286 -95.21737 -95.64066 -96.03003 -96.41528 -96.83922 -97.32872 -97.88221 -98.48625 -99.12828 -99.79397 -100.4689 -101.1423 -101.8065 -102.4556 -103.088 -103.7057 -104.313 -104.9158 -105.5219 -106.1414 -106.785 -107.4631 -108.1837 -108.9512 -109.7705 -110.6409 -111.5594 -112.5283 -113.5382 -114.5655 -115.599 -116.6402 -117.6708 -118.6332 -119.4763 -120.1866 -120.9138 -121.5461 -121.8889 -122.0765 -122.5257 -123.1532 -123.7818 -124.3966 -124.9802 -125.5382 -126.0752 -126.5896 -127.0819 -127.5544 -128.0098 -128.4467 -128.863
-92.91398 -93.54459 -94.11144 -94.64758 -95.11168 -95.52918 -95.92765 -96.32939 -96.72681 -97.11357 -97.51093 -97.9481 -98.44118 -98.99035 -99.58542 -100.2133 -100.8614 -101.5176 -102.1709 -102.8139 -103.4425 -104.0552 -104.6536 -105.2423 -105.8281 -106.4192 -107.0258 -107.6583 -108.3275 -109.0418 -109.8058 -110.6237 -111.4951 -112.4149 -113.3836 -114.394 -115.4223 -116.454 -117.4918 -118.5245 -119.4945 -120.3556 -121.0492 -121.728 -122.2923 -122.5633 -122.854 -123.2541 -123.7736 -124.3509 -124.9414 -125.5292 -126.1076 -126.6732 -127.2189 -127.7396 -128.2336 -128.704 -129.1544 -129.5867
-93.9929 -94.60124 -95.15041 -95.64957 -96.10307 -96.51613 -96.91299 -97.30257 -97.69224 -98.09093 -98.50812 -98.95898 -99.45657 -100.0021 -100.5886 -101.2051 -101.8392 -102.4795 -103.1161 -103.7416 -104.3518 -104.9472 -105.5301 -106.1052 -106.6793 -107.2602 -107.8574 -108.4815 -109.1427 -109.8502 -110.6086 -111.4216 -112.2892 -113.2052 -114.1674 -115.1708 -116.193 -117.2147 -118.2366 -119.2538 -120.2196 -121.0915 -121.7871 -122.3756 -122.8812 -123.2632 -123.6096 -123.9885 -124.4315 -124.9463 -125.5105 -126.0946 -126.6797 -127.2568 -127.8192 -128.362 -128.8809 -129.3745 -129.8445 -130.2948
-94.85064 -95.43151 -95.95509 -96.43824 -96.89412 -97.32824 -97.74207 -98.14383 -98.54736 -98.96201 -99.39928 -99.86908 -100.3772 -100.9247 -101.5068 -102.1145 -102.7374 -103.3646 -103.9872 -104.5989 -105.1958 -105.7778 -106.3485 -106.9132 -107.4788 -108.0525 -108.6431 -109.2604 -109.9142 -110.6137 -111.3642 -112.1685 -113.0276 -113.9348 -114.8851 -115.8745 -116.8844 -117.8907 -118.8881 -119.8751 -120.8267 -121.6896 -122.4223 -122.9966 -123.4723 -123.8806 -124.26 -124.6536 -125.0916 -125.5851 -126.1265 -126.6978 -9999 -9999 -9999 -9999 -9999 -130.0187 -130.5105 -130.9816
