phastpp3-F90/examples/capecod/ArcData/bedr_clip_90.txt
ncols         110
nrows         219
xllcorner     274990.33027482
yllcorner     809982.31253672
cellsize      91.44
NODATA_value  -9999
[rows 52 to 77 of 219, columns 0 to 59 of 110]
-38.41439 -39.52444 -40.39409 -40.6742 -40.23288 -39.64895 -39.21167 -38.9822 -38.99372 -39.21438 -39.59824 -40.12105 -40.77478 -41.549 -42.42463 -43.36684 -44.30463 -45.17076 -45.9332 -46.58999 -47.17126 -47.72068 -48.26051 -48.79593 -49.32944 -49.85757 -50.38255 -50.91932 -51.47739 -52.05398 -52.65403 -53.29246 -53.97642 -54.69122 -55.40725 -56.09418 -56.73634 -57.32753 -57.85426 -58.29127 -58.61642 -58.81962 -58.90324 -58.87016 -58.72156 -58.46201 -58.10192 -57.65559 -57.13702 -56.55856 -55.93287 -55.27631 -54.6085 -53.94827 -53.31161 -52.7119 -52.16498 -51.69205 -51.31974 -51.07222
-41.61631 -42.8658 -43.80119 -43.54848 -42.35582 -41.20403 -40.21353 -39.67578 -39.62978 -39.82602 -40.13373 -40.55128 -41.10704 -41.8147 -42.67527 -43.64946 -44.63999 -45.55259 -46.32437 -46.94424 -47.46307 -47.9472 -48.42332 -48.89108 -49.35073 -49.79605 -50.22659 -50.66339 -51.12296 -51.6057 -52.11921 -52.69574 -53.36413 -54.12436 -54.9323 -55.72367 -56.45494 -57.10935 -57.6778 -58.14484 -58.49458 -58.7217 -58.83088 -58.82409 -58.70273 -58.46835 -58.1274 -57.69379 -57.18527 -56.61971 -56.01493 -55.38985 -54.76406 -54.15504 -53.57562 -53.03602 -52.5479 -52.12957 -51.80452 -51.59756
-44.34185 -45.67733 -46.81366 -45.96496 -44.11736 -42.21795 -40.43344 -39.9046 -40.23399 -40.53172 -40.71162 -40.9369 -41.32193 -41.91865 -42.75187 -43.77069 -44.85376 -45.86009 -46.65379 -47.21941 -47.65968 -48.07459 -48.49134 -48.89725 -49.28495 -49.64304 -49.96717 -50.28275 -50.61648 -50.9834 -51.4043 -51.936 -52.62643 -53.47943 -54.42099 -55.35019 -56.19151 -56.91405 -57.51603 -57.99903 -58.35922 -58.60157 -58.72863 -58.74281 -58.64484 -58.42855 -58.09666 -57.66536 -57.15747 -56.59668 -56.00591 -55.40763 -54.82228 -54.26593 -53.74873 -53.27661 -52.85657 -52.50189 -52.23324 -52.0729
-46.19563 -47.26727 -48.10122 -47.08762 -45.21047 -42.59711 -40.02428 -40.34266 -41.4864 -41.65017 -41.42622 -41.27869 -41.38572 -41.81376 -42.59491 -43.66656 -44.89666 -46.06855 -46.88097 -47.35014 -47.70016 -48.06077 -48.44319 -48.81037 -49.13893 -49.40962 -49.61414 -49.78178 -49.95586 -50.17823 -50.50319 -51.0177 -51.7799 -52.77559 -53.8945 -54.99902 -55.9627 -56.73857 -57.34912 -57.82455 -58.17879 -58.42687 -58.5671 -58.60795 -58.53592 -58.3284 -57.98966 -57.54529 -57.02706 -56.46502 -55.886 -55.31439 -54.7711 -54.27083 -53.82092 -53.42338 -53.08033 -52.79932 -52.59629 -52.491
-47.20553 -47.92052 -48.3073 -47.4956 -46.06779 -43.81677 -42.17578 -43.86954 -44.40091 -43.30847 -42.1978 -41.47953 -41.22581 -41.44313 -42.13805 -43.2421 -44.62444 -46.02854 -46.83226 -47.18605 -47.49121 -47.85721 -48.2619 -48.63522 -48.9285 -49.11444 -49.18439 -49.17375 -49.15052 -49.19618 -49.42588 -49.95145 -50.83109 -52.01396 -53.36367 -54.69562 -55.77459 -56.55273 -57.12896 -57.57174 -57.90754 -58.15343 -58.31048 -58.39247 -58.34633 -58.1335 -57.77071 -57.29808 -56.76044 -56.19577 -55.63317 -55.09584 -54.60249 -54.1656 -53.78986 -53.47392 -53.2153 -53.01659 -52.88807 -52.84572
-47.61727 -48.20636 -48.46816 -48.05085 -47.16662 -46.13975 -47.07172 -49.99207 -47.48874 -44.65024 -42.60294 -41.33459 -40.76744 -40.78457 -41.35228 -42.40782 -43.79181 -45.19604 -46.07872 -46.5455 -46.95936 -47.43801 -47.94867 -48.38984 -48.67828 -48.78212 -48.70084 -48.48121 -48.22071 -48.05591 -48.18393 -48.73361 -49.76818 -51.17434 -52.79217 -54.41555 -55.56553 -56.25951 -56.7703 -57.17698 -57.49436 -57.7354 -57.91411 -58.04045 -58.00518 -57.7739 -57.38238 -56.87783 -56.32125 -55.76156 -55.22891 -54.74201 -54.31388 -53.95273 -53.66057 -53.43356 -53.26602 -53.15582 -53.10834 -53.13543
-47.89229 -48.22499 -48.47956 -48.47945 -48.18786 -47.57949 -48.16377 -49.12363 -47.34485 -44.6355 -42.25108 -40.73066 -40.0556 -39.91302 -40.30973 -41.22467 -42.46276 -43.7426 -44.74787 -45.48406 -46.14314 -46.83399 -47.53325 -48.10511 -48.41739 -48.4407 -48.1941 -47.73915 -47.20299 -46.79011 -46.78793 -47.35244 -48.56424 -50.18752 -51.95165 -53.84359 -55.02277 -55.66066 -56.17355 -56.5887 -56.90462 -57.13945 -57.32179 -57.46704 -57.41952 -57.16537 -56.76014 -56.23825 -55.68034 -55.14681 -54.66758 -54.25422 -53.91151 -53.64199 -53.44472 -53.31443 -53.24337 -53.22621 -53.2636 -53.36366
-48.46246 -48.17736 -48.20912 -48.43861 -48.63462 -48.45577 -47.96865 -47.5906 -46.13911 -44.00464 -41.44868 -39.96457 -39.37278 -39.0009 -39.19012 -39.94227 -40.99696 -42.17021 -43.27129 -44.25452 -45.18838 -46.1318 -47.06754 -47.81428 -48.17014 -48.11654 -47.70307 -47.00358 -46.16854 -45.46902 -45.28881 -45.82905 -47.15499 -48.91615 -50.50598 -52.28922 -53.71132 -54.6457 -55.32271 -55.81624 -56.15208 -56.36628 -56.49353 -56.59903 -56.53949 -56.27399 -55.8609 -55.35102 -54.82985 -54.35925 -53.96531 -53.65174 -53.41498 -53.25201 -53.15989 -53.13299 -53.16267 -53.24101 -53.36517 -53.53927
-49.4318 -48.29873 -47.86468 -48.51657 -48.58572 -48.54529 -47.96327 -47.04502 -45.84483 -43.93089 -41.34133 -39.74609 -38.98984 -38.23741 -38.24964 -38.85997 -39.72451 -40.77497 -41.92085 -43.08942 -44.26126 -45.44083 -46.60634 -47.53476 -47.94305 -47.82659 -47.27272 -46.36142 -45.25005 -44.24567 -43.8419 -44.31826 -45.59756 -47.16541 -48.64636 -50.54762 -52.23455 -53.48076 -54.36299 -54.96096 -55.3158 -55.46341 -55.45465 -55.41461 -55.30856 -55.05073 -54.66754 -54.22492 -53.79723 -53.43672 -53.16328 -52.97396 -52.85843 -52.81071 -52.8288 -52.90834 -53.04048 -53.2152 -53.42618 -53.67369
-50.95974 -49.58469 -48.74843 -49.45873 -48.53402 -47.85347 -47.02904 -46.14866 -45.61983 -43.75066 -41.20244 -39.4509 -38.47198 -37.84963 -37.75643 -38.14463 -38.80044 -39.70384 -40.84362 -42.13325 -43.48584 -44.85588 -46.19263 -47.26314 -47.72494 -47.57746 -46.94725 -45.9192 -44.64218 -43.38874 -42.72053 -43.18742 -44.41789 -45.91374 -47.48187 -49.36321 -51.11612 -52.49839 -53.50357 -54.17218 -54.50027 -54.50117 -54.29472 -54.02055 -53.77661 -53.52467 -53.23462 -52.9284 -52.65219 -52.4449 -52.32178 -52.27442 -52.2858 -52.35167 -52.47676 -52.66022 -52.89301 -53.16257 -53.45881 -53.77819
-51.66638 -50.70293 -49.82768 -48.87747 -47.89722 -47.009 -45.84341 -44.46576 -43.4101 -41.92661 -40.16934 -38.8378 -38.02953 -37.59896 -37.52163 -37.75632 -38.21911 -38.9697 -40.07901 -41.44734 -42.92823 -44.4285 -45.85093 -46.99973 -47.51708 -47.38025 -46.75458 -45.74441 -44.50789 -43.26524 -42.49127 -42.91418 -43.99038 -45.41645 -47.03214 -48.7904 -50.46711 -51.8503 -52.8834 -53.54773 -53.75603 -53.53938 -53.07413 -52.54185 -52.12437 -51.87474 -51.71555 -51.58817 -51.49523 -51.46213 -51.50352 -51.60587 -51.73827 -51.9049 -52.12685 -52.40704 -52.73493 -53.09496 -53.47297 -53.86161
-51.55175 -50.78688 -49.61361 -48.39499 -47.21725 -45.84997 -44.46288 -42.84522 -41.33862 -40.04554 -38.90369 -38.19961 -37.74888 -37.47405 -37.47084 -37.65499 -37.97166 -38.57471 -39.65341 -41.07101 -42.61777 -44.17319 -45.59801 -46.77753 -47.36362 -47.25838 -46.68333 -45.79912 -44.77478 -43.84238 -43.33076 -43.54215 -44.32015 -45.52379 -47.03133 -48.6753 -50.25203 -51.55878 -52.52584 -53.07915 -53.06373 -52.59125 -51.80462 -50.9401 -50.3947 -50.23996 -50.26818 -50.33866 -50.4273 -50.5574 -50.75028 -50.99622 -51.23307 -51.48482 -51.79486 -52.16402 -52.57919 -53.02236 -53.47623 -53.92978
-51.06713 -50.25663 -49.0858 -47.75691 -46.25231 -44.6129 -42.89141 -41.30295 -39.90578 -38.82689 -37.8582 -37.26608 -37.39146 -37.49442 -37.67905 -37.90553 -38.14199 -38.59404 -39.66281 -41.06471 -42.5723 -44.0857 -45.45036 -46.62648 -47.30273 -47.18937 -46.65921 -45.95357 -45.19417 -44.59093 -44.33289 -44.51925 -45.15205 -46.16403 -47.50178 -48.99462 -50.40863 -51.55534 -52.35039 -52.68338 -52.39495 -51.6565 -50.50051 -49.19456 -48.62411 -48.74863 -49.03119 -49.29416 -49.53145 -49.78212 -50.077 -50.41301 -50.74501 -51.09175 -51.49063 -51.94333 -52.43703 -52.95364 -53.47468 -53.98647
-49.37302 -48.8319 -47.88699 -46.62072 -45.06999 -43.30408 -41.3544 -39.72468 -38.68966 -38.055 -37.50561 -37.09536 -37.42508 -37.89263 -38.27387 -38.59002 -38.87458 -39.3207 -40.2454 -41.46976 -42.79211 -44.12944 -45.35672 -46.41435 -47.08588 -46.98322 -46.55685 -46.05618 -45.586 -45.27767 -45.24722 -45.53877 -46.15532 -47.09895 -48.29732 -49.56834 -50.70331 -51.60772 -52.14618 -52.11678 -51.62946 -50.77618 -49.43392 -47.76305 -47.33171 -47.7492 -48.19149 -48.55898 -48.87147 -49.17824 -49.5164 -49.89477 -50.30127 -50.74056 -51.22568 -51.75539 -52.31789 -52.89664 -53.47381 -54.03492
-46.83185 -46.78354 -46.28579 -45.29245 -43.87504 -42.09466 -40.04469 -38.47808 -37.90079 -37.77085 -37.88387 -37.99474 -38.343 -38.85067 -39.29384 -39.65282 -40.01818 -40.50654 -41.24968 -42.20422 -43.23421 -44.26675 -45.236 -46.02853 -46.49591 -46.52497 -46.29747 -46.01684 -45.8204 -45.80161 -46.00536 -46.45986 -47.14906 -48.05368 -49.08583 -50.04129 -50.7588 -51.25995 -51.38487 -50.94759 -50.55539 -50.03775 -49.07559 -47.89662 -47.39025 -47.53722 -47.85067 -48.16835 -48.4633 -48.76048 -49.09649 -49.49062 -49.94397 -50.45272 -51.01091 -51.60752 -52.22827 -52.85741 -53.47869 -54.07844
-44.37613 -44.85353 -44.81685 -44.16077 -42.95151 -41.36512 -39.60701 -38.26513 -37.84729 -37.97859 -38.48451 -38.98014 -39.52908 -40.11073 -40.56718 -40.92376 -41.30009 -41.78002 -42.38952 -43.0972 -43.81932 -44.50484 -45.12619 -45.62171 -45.90944 -45.97585 -45.90538 -45.82458 -45.85503 -46.07784 -46.5041 -47.13954 -47.92315 -48.80757 -49.61341 -50.14021 -50.32693 -50.25893 -49.7831 -49.12679 -49.36908 -49.68541 -49.34387 -48.6817 -48.11506 -47.86079 -47.86995 -48.02769 -48.24376 -48.48777 -48.79366 -49.18729 -49.67043 -50.23076 -50.84839 -51.50156 -52.17073 -52.83957 -53.49347 -54.12056
-42.6219 -43.47915 -43.81326 -43.4767 -42.49556 -41.206 -39.94771 -38.72585 -38.17987 -38.37281 -39.00693 -39.81207 -40.70487 -41.4052 -41.84649 -42.20544 -42.57837 -43.01829 -43.51634 -44.0169 -44.46974 -44.82802 -45.10317 -45.2958 -45.39638 -45.42482 -45.43172 -45.48926 -45.69157 -46.08828 -46.67018 -47.42842 -48.28584 -49.17763 -49.73956 -49.78418 -49.50502 -49.03743 -48.35781 -47.81812 -48.70211 -49.68198 -50.05755 -49.75907 -49.00232 -48.30335 -47.95124 -47.93166 -48.07574 -48.25981 -48.54169 -48.94148 -49.45495 -50.06195 -50.73231 -51.43502 -52.14511 -52.84485 -53.52122 -54.16484
-41.87992 -42.72589 -43.2683 -43.17792 -42.4569 -41.46301 -40.58584 -39.10814 -38.53151 -38.67397 -39.29524 -40.34446 -41.67598 -42.50235 -42.92614 -43.32901 -43.74807 -44.17355 -44.57756 -44.90499 -45.11068 -45.18122 -45.1422 -45.05293 -44.95596 -44.89377 -44.90326 -45.02728 -45.32878 -45.81907 -46.45669 -47.22596 -48.04837 -48.90754 -49.29197 -48.93822 -48.53047 -48.04286 -47.67185 -47.80997 -48.81229 -50.08314 -51.12753 -51.04895 -49.79658 -48.49898 -47.7493 -47.59359 -47.74078 -47.94997 -48.26977 -48.71127 -49.27322 -49.93421 -50.6579 -51.40685 -52.15213 -52.87513 -53.56469 -54.2145
-41.77194 -42.35183 -42.84021 -42.95593 -42.56547 -41.85585 -41.08043 -39.81763 -38.78934 -38.71041 -39.32525 -40.4451 -41.8938 -42.96601 -43.64737 -44.24125 -44.77429 -45.22747 -45.55695 -45.72562 -45.6982 -45.49048 -45.17167 -44.82259 -44.52955 -44.35479 -44.32206 -44.4501 -44.77469 -45.27576 -45.86448 -46.53007 -47.15468 -47.66998 -47.80968 -47.57927 -47.44728 -47.27457 -47.23314 -47.76797 -48.9923 -50.53949 -51.95398 -51.85504 -50.04779 -48.06982 -46.98947 -46.87131 -47.1676 -47.54819 -47.97584 -48.4935 -49.12517 -49.85229 -50.63271 -51.4246 -52.19796 -52.93531 -53.62794 -54.2731
-41.85537 -42.16774 -42.47736 -42.66861 -42.51171 -42.01187 -41.21845 -39.52708 -38.2832 -38.28303 -39.14396 -40.31824 -41.69489 -43.03691 -44.13013 -45.01148 -45.7178 -46.23188 -46.49477 -46.49031 -46.21117 -45.72583 -45.1265 -44.52894 -44.05205 -43.76751 -43.68204 -43.78336 -44.07364 -44.51157 -44.98011 -45.46552 -45.85297 -46.05057 -46.04092 -45.99847 -46.20613 -46.50528 -46.82883 -47.54849 -48.91579 -50.70803 -52.2599 -51.94798 -49.7079 -46.92643 -45.74114 -46.04759 -46.66749 -47.23414 -47.75624 -48.34418 -49.0526 -49.85184 -50.68573 -51.50976 -52.29726 -53.03474 -53.71708 -54.3449
-41.97536 -42.10925 -42.22173 -42.29442 -42.22939 -41.88684 -41.2101 -37.8877 -37.14944 -37.72939 -38.90856 -40.13413 -41.52855 -43.19054 -44.63657 -45.78118 -46.67105 -47.24907 -47.43964 -47.24596 -46.69744 -45.89849 -44.95726 -44.0939 -43.47223 -43.11951 -43.00274 -43.07772 -43.31279 -43.6481 -43.96761 -44.22219 -44.35624 -44.34478 -44.24849 -44.3117 -44.82096 -45.57751 -46.30139 -47.17334 -48.67416 -50.63447 -52.47822 -52.25256 -49.71725 -46.0766 -45.01508 -45.78429 -46.60533 -47.23518 -47.75148 -48.3655 -49.14386 -50.0045 -50.86878 -51.69685 -52.47173 -53.1865 -53.83965 -54.43437
-42.11539 -42.1123 -42.10258 -41.95042 -41.5232 -40.96836 -39.72793 -37.48391 -36.96915 -37.75092 -39.07975 -40.23252 -41.62949 -43.64207 -45.30363 -46.64259 -47.68226 -48.29824 -48.42924 -48.06123 -47.23154 -46.01989 -44.58939 -43.4446 -42.77519 -42.4388 -42.33389 -42.40217 -42.60357 -42.85076 -43.01666 -43.04538 -42.8897 -42.6259 -42.34975 -42.43816 -43.24828 -44.50018 -45.58986 -46.72754 -48.44604 -50.27369 -52.45255 -52.85822 -50.79308 -47.7146 -46.27026 -46.50837 -47.17042 -47.70958 -48.10307 -48.70503 -49.53854 -50.40923 -51.24222 -52.02133 -52.74242 -53.40299 -54.00269 -54.54516
-42.2258 -42.228 -42.10812 -41.75165 -40.96802 -39.88076 -38.95444 -38.06318 -37.67727 -38.50631 -39.93729 -41.29944 -42.79556 -44.50507 -46.1147 -47.58222 -48.71991 -49.36221 -49.49969 -49.02565 -47.86728 -46.09568 -43.98379 -42.6309 -42.06646 -41.80532 -41.73504 -41.82273 -42.04383 -42.26305 -42.3215 -42.14498 -41.72825 -41.11007 -40.42498 -40.40806 -41.53561 -43.27349 -44.83278 -46.47828 -48.12851 -49.13435 -51.60146 -53.29491 -51.83965 -48.93921 -47.43344 -47.4817 -48.16387 -48.74035 -49.03291 -49.62073 -50.41099 -51.1476 -51.83937 -52.49842 -53.11853 -53.6905 -54.2099 -54.67853
-42.35921 -42.45704 -42.36543 -41.76194 -40.81007 -39.54989 -38.68259 -37.95628 -38.37905 -39.98829 -41.32132 -42.56409 -43.98788 -45.43066 -46.94088 -48.54321 -49.73998 -50.38343 -50.55482 -50.15574 -48.52456 -46.24308 -43.70053 -42.1934 -41.59653 -41.30217 -41.22213 -41.3453 -41.65149 -41.94704 -41.9974 -41.69297 -41.04277 -40.09845 -38.95994 -38.68859 -40.04173 -42.02964 -44.0274 -46.22834 -46.9165 -45.85188 -49.02768 -53.16218 -51.57888 -48.08694 -47.26822 -48.07427 -49.37502 -50.35591 -50.86212 -51.33799 -51.78397 -52.17228 -52.61535 -53.10233 -53.58953 -54.04631 -54.46047 -54.83268
-42.55603 -42.81981 -42.8241 -42.28264 -41.16111 -39.94473 -39.23369 -38.75428 -40.15302 -42.733 -43.02823 -43.50516 -44.79038 -46.40754 -48.00638 -49.54663 -50.69208 -51.15627 -51.06984 -50.59465 -48.59755 -46.23266 -43.95071 -42.2965 -41.36517 -40.87491 -40.71325 -40.8637 -41.30729 -41.80482 -42.01763 -41.73581 -40.95886 -39.85964 -38.70373 -38.27316 -39.14024 -40.87595 -42.78068 -44.8261 -44.43779 -40.45013 -45.38051 -50.21635 -49.00662 -46.08842 -46.79065 -48.71445 -50.93353 -52.36979 -52.93139 -53.20733 -53.20748 -53.21306 -53.43164 -53.77073 -54.13156 -54.46194 -54.74989 -55.00226
-42.8807 -43.33993 -43.56623 -43.19107 -42.2433 -41.14643 -40.8488 -41.55567 -44.06179 -45.47548 -43.63649 -43.76478 -45.27433 -47.41656 -49.17313 -50.52197 -51.45103 -51.41806 -50.74325 -49.60879 -47.75179 -45.63075 -43.66899 -42.09932 -41.00898 -40.33379 -40.05077 -40.18579 -40.77959 -41.59547 -42.17916 -42.1397 -41.47249 -40.35964 -39.16963 -38.36535 -38.66477 -39.98165 -41.34375 -42.61943 -43.03366 -42.67884 -45.4342 -48.54274 -48.62958 -47.66388 -48.18565 -50.35222 -53.06816 -54.47989 -54.53082 -54.22797 -53.98034 -53.93881 -54.14222 -54.451 -54.72831 -54.92927 -55.06955 -55.17691
