examples/CapeCod/ArcData/elevation-90.txt
ncols         267
nrows         334
xllcorner     267109.51967155
yllcorner     807366.90385101
cellsize      90
NODATA_value  -9999
[rows 31 to 61 of 334, columns 68 to 135 of 267]
1.167301e-007 0 0 0 0 0 0 2.90046 6.743235 5.917015 0.06729036 0.6181267 0.1112652 9.424501 4.473419 2.184256 4.508587 8.743035 11.89063 14.45861 12.44425 10.43853 9.534193 7.873102 10.60308 10.52592 12.66141 15.77396 19.86796 19.23592 17.71491 17.53614 16.28212 17.42661 19.13135 22.72197 32.38515 34.01221 26.72256 18.7979 16.84843 0 0 0 2.864851 6.536695 14.79447 15.87055 13.73541 11.79708 13.22867 15.54601 26.37974 33.94606 42.73922 44.55321 49.93846 42.89755 55.60238 53.88999 50.95723 62.57594 68.57558 64.46568 71.19162 68.16824 73.6068 75.50887
7.276307e-007 0 0 0 0 0 0 0 0 9.283813 8.282142 9.035364 11.48005 8.253187 0.8255093 1.765096 5.564152 7.722071 12.05369 14.09267 11.743 12.58941 12.43575 10.40357 11.00399 12.50274 13.22744 15.98249 19.39688 19.05629 14.58728 16.94131 13.86723 17.40821 21.21353 24.38704 32.56477 26.53231 17.2855 9.900586 5.336416 0 0 0.1064916 6.345228 9.132144 10.6581 12.77889 11.90631 12.11088 18.96824 20.59228 22.68627 32.3461 42.12014 46.17904 48.16922 49.63937 51.8887 50.0237 54.53892 62.21933 65.04618 65.08537 71.67303 72.85229 71.27398 76.02781
2.776086e-007 0 0 0 0 1.278639 0 0 0 10.26477 12.23345 11.398 11.5741 5.518257 0.743 0.3777502 6.683828 7.58426 11.85795 13.08446 11.79044 12.73612 12.77587 11.89212 12.13247 13.70947 12.60409 13.66553 15.75574 16.60538 10.87819 11.68524 18.0659 19.14046 21.73987 25.33414 28.64835 16.68865 12.05672 3.493739 0.1209553 0 0 5.027764 10.01654 15.27676 15.40882 13.40611 16.04667 22.24164 29.77036 22.76884 26.04092 36.62626 44.05079 48.88043 46.28141 53.78185 53.35123 48.58709 50.14759 54.96197 60.37444 64.98539 68.74529 72.77872 70.74799 74.47621
-6.737109e-006 0 0 5.538188 10.98002 10.7035 0.9739119 0 0 1.018759 5.780811 4.652286 3.404679 0.8866399 0.7660972 1.373117 12.85089 13.07797 12.12214 11.60895 9.894005 12.13174 13.21527 11.27917 9.946334 6.408459 7.093789 12.52398 10.13792 9.903469 6.868062 8.492687 17.02441 19.67685 21.84512 28.44963 19.49129 13.87829 4.701769 0.2581173 0.2765258 0.3032309 1.339362 16.07692 24.52678 27.75293 27.05395 25.15577 25.08855 35.72968 35.75129 25.14343 29.08342 40.584 50.65363 48.07776 44.74493 47.79211 46.15339 44.7367 46.80744 53.75676 60.31696 65.73373 70.23728 72.56957 72.59731 72.66095
0.09170347 0.1145633 0.03240708 16.94876 15.76647 13.86889 10.69541 0.4848981 0.1126376 6.415427 4.187075 1.248828 0.9631002 0.8629927 0.7525504 2.329858 15.37808 15.77741 12.26048 11.2705 6.964486 9.501534 11.49564 9.679066 5.669023 1.897143 5.09931 10.72114 7.526073 5.796 4.581639 7.191334 15.52892 20.50214 24.48969 25.66202 11.11728 6.753284 0.5175228 0.5443563 0.4674782 0.3235342 15.02316 27.79582 37.55099 40.75032 38.88281 38.28039 35.45249 42.98795 40.02787 29.81578 34.19857 44.67748 56.77918 45.70945 44.99147 40.68614 38.22253 42.03965 46.23481 56.19034 61.11316 65.72546 72.26311 72.35709 73.13781 73.06246
4.039907 0.3110988 9.033521 16.88081 14.72683 11.3254 8.449688 8.267215 8.862897 9.989567 8.512003 2.475396 0.716809 0.680032 1.001747 6.447004 12.81356 14.44099 12.62776 10.68306 6.179156 6.652201 8.886882 8.149602 1.684476 1.678374 8.940495 9.300703 10.93295 8.52965 5.073341 7.730978 15.80858 22.47648 28.44399 14.16587 2.733051 0.6157895 0.8416933 0.8272281 0.6801491 16.00361 28.08787 38.46455 40.88329 49.07142 46.88415 45.77343 40.51375 38.89747 43.31642 35.68436 38.83694 46.65508 54.73295 44.66287 46.55719 44.18496 43.36978 46.6945 49.32797 53.85623 57.41773 62.97223 70.06769 71.73298 75.30553 74.8489
11.28533 10.99787 12.5047 11.39332 9.073009 7.515254 8.38562 9.961533 10.80504 10.58302 9.942116 6.543169 7.291942 6.701987 5.802814 7.286901 9.522423 12.42515 10.09214 9.085183 7.151454 4.59793 6.94453 9.290887 0.834428 6.901256 9.843608 12.71487 14.55981 13.42399 11.08897 12.80899 16.6298 18.37231 15.9422 2.552693 0.6238301 0.8307683 0.950206 0.9166138 16.56022 30.09192 35.40474 40.11573 42.6534 47.69545 47.74728 46.57379 44.5997 42.73045 40.92911 37.4306 43.02773 41.89083 50.14973 45.84647 50.02912 51.13462 48.87814 49.54477 52.52622 56.52611 59.53363 61.63579 66.51044 71.73933 77.23498 75.4295
11.21477 8.946488 12.07139 10.20435 6.823357 7.692407 9.500648 10.43524 10.05319 9.659337 8.002793 6.958943 9.32387 9.517065 8.60955 10.22523 10.25972 10.67891 9.040359 8.073479 6.04903 3.048968 5.781413 7.067122 7.149111 8.631551 8.868446 13.74446 15.85872 14.52587 12.42418 13.59945 13.65809 8.901003 1.046019 0.8423088 0.9524107 0.7161816 0.557679 17.25587 25.04151 32.37277 38.00458 40.7926 44.26542 47.59075 46.62667 44.38479 46.0419 45.83135 39.2959 40.02309 45.25914 39.82317 45.37316 47.96972 50.78621 53.27246 54.1011 51.80996 56.71317 58.96977 62.77425 62.07664 64.32722 71.9135 79.01749 75.44785
8.895921 7.378923 10.94363 9.956338 6.507867 8.624179 10.28714 10.34005 9.670341 7.244831 6.310487 7.014518 8.967523 9.433844 9.618317 12.05429 10.18005 8.704121 8.071715 7.055603 4.967982 3.707473 6.118253 7.017034 7.659359 8.951101 8.782149 14.29836 14.50067 11.61523 9.999805 7.89988 4.889095 0.6691637 0.9550855 1.361251 1.400683 6.324202 10.45528 21.49633 28.06095 29.57888 37.53711 41.72562 46.48177 47.94944 45.69231 41.0524 45.8741 45.82224 40.50591 45.7927 44.23564 42.59806 42.09545 49.46479 48.60656 49.58127 57.96197 53.9183 59.25577 59.38284 64.86074 63.38351 66.14215 71.08049 79.84686 74.75246
5.864051 8.88063 9.914898 9.461189 7.270905 8.802086 9.546641 9.446962 8.173417 6.84862 7.269826 9.299403 7.708178 6.969526 8.05696 11.68809 5.600738 5.215964 5.978246 6.320728 4.770548 5.01402 5.514871 8.036505 10.57394 9.621615 7.664766 12.20247 7.318516 7.775256 7.348726 1.609184 0.07960425 0.8844514 0.5606992 3.010872 7.24761 10.72931 13.24047 19.56884 25.53732 29.87241 37.9044 42.51898 44.63545 45.41309 44.1251 45.70063 46.19377 45.87219 48.22503 48.69466 41.98497 40.01978 44.21058 45.81658 48.32646 52.38534 57.30629 56.45397 57.03823 59.29765 64.76441 67.01603 70.13973 70.66203 75.82475 73.97927
6.733977 9.430681 10.05493 8.863745 6.673287 7.335606 8.213174 7.26272 6.385254 6.133379 9.537007 11.30286 7.272902 6.798006 7.47889 6.594951 2.686407 3.005807 4.779946 5.746807 5.311421 5.20062 5.223039 6.668722 9.019551 9.02266 7.379082 8.803864 4.25986 3.757899 4.302137 0.7802159 0 1.115003 3.923932 6.664431 9.480003 12.51417 18.62177 22.37001 27.50624 32.02257 38.6448 41.65479 43.05327 43.16211 42.85523 46.26518 46.67189 46.00262 49.70846 50.93577 45.038 42.12011 47.1622 45.71326 48.38458 53.85581 56.53976 59.18578 55.65805 60.1182 65.77837 68.7037 70.80368 67.58068 71.02515 72.28224
7.297462 10.0453 10.32315 8.956871 6.173704 7.323356 7.057388 5.231837 5.171011 5.355254 7.944515 9.835979 6.877229 7.161216 8.105997 1.978559 2.405928 1.80668 1.447649 3.453586 6.651479 5.104168 5.179492 6.227578 7.378942 7.116865 6.15464 4.923153 1.686833 1.671973 3.197442 1.361789 0.9634001 7.757215 7.789879 9.658596 10.98143 14.11072 26.58513 27.2951 31.17077 35.2025 39.62663 40.51601 42.28649 42.25138 39.42119 44.97688 46.25132 45.55903 47.20058 49.65862 51.11717 49.44007 50.70663 48.61315 47.58609 52.00772 54.89332 59.53303 58.56793 59.99289 67.9808 68.18916 67.1935 65.1757 67.60005 71.90385
6.355327 11.63544 10.91736 8.065257 5.648525 7.118781 5.206211 4.538212 4.811768 5.451116 5.686936 6.777368 5.367279 5.965714 7.114442 6.994667 2.404033 1.470722 1.250774 4.88192 5.7071 4.836104 4.293162 3.87074 4.087309 2.785359 2.371908 1.814309 1.591654 1.829461 1.649687 5.330295 8.696733 10.74285 10.52559 12.16983 12.18005 19.02678 32.08031 31.67006 39.25713 40.20741 37.06346 40.16027 41.12767 41.34385 39.62837 43.08969 46.43864 43.98494 44.83037 47.28521 50.75796 55.3344 54.74742 49.58229 49.56212 51.77748 54.88947 61.01687 61.13658 57.79047 65.28316 65.83626 66.02173 64.35804 66.36689 70.01649
7.288133 10.80824 8.536954 6.38127 5.48069 5.832583 5.04308 4.05794 4.216668 5.207479 4.427862 4.992731 4.881042 3.726282 4.84152 4.914402 5.770166 4.709442 4.427882 4.867844 4.457492 2.201905 1.442768 1.37598 1.786664 1.938497 1.848234 1.437299 1.293374 1.930036 7.130109 8.36152 11.4903 11.52565 11.59958 14.38181 21.09345 30.00877 36.04455 36.29892 41.97914 40.32918 36.80459 38.78363 40.46691 39.90987 39.84687 41.75742 44.28175 42.09332 40.98447 45.41861 50.61486 56.32478 55.16232 51.1701 51.7239 49.87317 51.93331 58.37915 60.97906 59.3438 66.5685 66.3961 65.51218 62.70503 65.42564 68.17607
8.231138 9.299738 5.56208 5.314049 4.563365 5.380462 5.043512 3.771168 3.828707 4.859505 4.801252 4.661944 3.582979 3.589406 4.590127 4.576151 4.502007 3.707702 3.0499 2.654724 2.704541 0.6043041 0.8557969 1.136364 1.300833 1.438829 1.391832 1.37606 4.623834 8.361152 10.18408 10.46585 10.92436 12.12405 14.48662 19.61614 30.94735 38.84992 38.48542 39.01426 40.51531 37.80998 37.40108 36.54169 37.59553 38.31318 39.38741 39.50081 41.7323 40.59729 39.00738 44.34298 49.89569 52.86792 51.45958 51.54723 53.5286 49.34035 48.75462 52.48386 57.91147 60.27953 66.58833 67.21068 65.09702 62.51919 64.84851 67.13158
5.582563 6.181097 4.615461 4.549726 4.448615 4.738513 3.853853 3.655669 3.89829 4.907197 4.779899 4.215939 2.235085 1.934989 2.827497 2.074472 1.748286 2.330567 2.109546 0.6210595 0.6610072 0.7669621 0.9456866 1.011177 1.097532 1.264575 5.882239 7.271033 7.45063 9.258018 10.35788 10.56732 15.00042 19.26868 23.71073 29.5452 36.93044 38.95309 38.89994 36.89422 35.99292 36.47849 37.9743 37.33906 34.43997 36.07269 38.1194 37.1689 38.83647 40.45785 42.93431 44.32464 46.49699 47.33476 45.50513 49.02952 54.42054 54.70342 50.59035 47.85438 55.15525 58.9347 62.0918 65.18282 63.12074 63.02196 66.88953 69.24015
0.9025405 3.153985 3.815965 3.745095 4.409757 4.702031 4.246541 6.185708 5.183741 4.589749 3.176581 2.071777 0.2654422 0.2794148 0.4609303 0.4993987 0.5040503 0.5557438 0.6075139 0.6661538 0.7069075 0.7363955 1.706046 2.454436 5.203676 6.615395 9.316528 9.14475 12.49915 17.0662 18.14454 17.535 21.48779 29.29298 34.66344 36.63987 39.62815 38.82585 37.48185 34.97067 33.54344 35.75522 39.63513 40.84564 38.41339 36.67072 37.1901 37.057 36.14586 36.701 40.22243 41.55037 43.26004 43.62836 43.20406 46.35735 55.94102 58.66068 53.70647 47.92413 56.15378 56.30153 59.79322 64.26176 62.18891 63.4014 67.1818 70.99041
-0.02955413 1.482898 3.36158 3.7397 4.318097 4.722889 4.034766 4.451694 3.197024 2.182886 0.6046333 0.01889134 0.00656194 0.002243823 0 0 0 0 0.007046951 1.141849 5.148919 6.556642 8.234107 8.208203 9.146276 10.58055 14.57638 14.1488 18.83416 23.18878 23.94687 25.98277 29.33334 36.9064 39.82161 39.85211 39.88452 38.79202 36.77855 35.26106 33.49129 36.10135 40.37539 42.67243 41.30359 37.59312 35.56725 35.93115 33.83861 35.3771 39.37294 41.48904 41.12592 40.28911 39.45713 44.37393 54.96715 56.33254 53.5867 50.15471 56.33165 55.66089 59.71033 62.79136 61.31347 60.03455 67.17636 72.66845
1.99027 2.609217 2.869167 3.364622 4.01462 4.03333 2.40938 0.5523267 0.09394836 0.05528458 0.08103339 0 0 0 0 3.359473 5.950815 8.2879 7.576362 8.195897 8.661587 8.984909 11.5278 12.23262 14.21307 18.85106 23.58232 20.52872 22.65646 24.37589 25.34186 30.82052 34.04635 38.55922 39.72686 39.742 39.742 38.91886 36.7864 36.66505 34.66912 36.66681 39.59729 40.59803 39.0579 38.43038 34.50119 34.92795 32.04601 37.60883 41.50838 43.33657 40.22327 38.7427 35.75763 42.23398 50.87114 48.73759 49.96194 51.1625 54.16974 55.71503 59.25665 58.64991 58.54175 52.8664 66.02481 71.45626
3.115056 3.49365 1.160216 1.560354 0.5564712 0 0 0 0 0 0 0.3605505 2.063372 3.288862 5.83612 7.718162 7.738469 10.18877 8.77223 8.742 9.72015 10.19971 13.5918 14.27879 18.16707 27.95821 27.17389 23.21778 23.54762 23.74218 25.34512 28.91479 34.72112 37.08259 39.14398 38.74221 38.19611 37.12267 38.01806 38.68818 36.54935 36.69518 39.25393 39.27548 35.33553 34.77655 36.22108 37.46526 38.00689 39.02444 39.70757 40.39185 38.33176 38.8326 39.15567 38.4379 41.01603 43.10213 47.63082 49.0401 55.54149 53.42524 55.47248 55.8177 53.00335 53.36366 59.74203 67.84424
2.217507 1.164327 0 0 0 0 0 0 0 1.550371 4.864455 6.992252 6.312402 6.021595 7.16894 7.132199 7.187215 9.03458 8.697378 9.743497 9.104945 12.84674 16.69366 17.59762 20.04519 25.95331 27.66756 23.48341 22.19706 23.00866 26.57275 29.48986 33.42161 34.8941 37.8059 37.94518 36.63417 37.36591 38.04678 38.78588 36.91837 37.49396 44.32169 42.30616 35.88044 35.46302 38.19144 39.32499 39.70836 42.38037 43.87958 39.95296 38.6712 41.67049 44.18699 37.45915 34.39297 41.68361 46.4108 48.90712 54.35188 54.38335 54.09248 56.37176 52.59582 52.723 58.54334 63.61182
0.3556801 0 0 0 0 0.0018991 0.8873683 4.354682 5.194396 5.467094 7.590807 7.879899 6.317586 5.87424 6.716393 5.583258 6.293799 7.169429 7.830755 10.66615 10.56257 15.51576 18.0108 20.21871 22.39672 23.90958 26.89118 22.50772 20.95412 22.98351 27.99367 29.58664 30.62078 30.17449 34.55123 36.14094 35.761 37.76726 39.0949 38.61734 36.21266 38.7328 47.19901 45.19202 38.96806 37.27635 40.21662 42.07304 41.17773 46.07024 48.60509 43.62174 44.06125 48.64058 51.09961 42.50373 36.76557 43.46312 45.57338 50.68311 53.32842 54.73934 53.70778 55.92188 55.19241 53.96362 59.46733 60.71747
-0.04612377 0 0 0.2015259 1.431978 2.586254 4.040515 5.762213 5.742 6.720034 7.787203 5.424879 4.612315 4.673735 6.82092 7.417745 5.846292 5.610255 9.490843 11.19551 13.99399 16.94192 17.68572 20.76778 25.10145 26.04919 25.78172 22.8962 21.09156 22.24093 29.94122 28.00541 24.4861 25.11734 31.14434 33.07117 36.04282 37.79662 39.95398 37.00801 34.13101 40.74328 45.36396 44.8325 42.58947 37.93357 41.77487 45.40394 45.10511 49.26291 51.89716 51.89274 54.83228 57.70036 58.9977 55.49795 51.0927 46.25944 46.52907 52.14156 52.2835 51.95106 51.80635 53.17258 59.06269 58.42873 58.73 59.88873
-0.06089089 0 0 0 0.5924021 2.806697 3.86733 5.648739 5.742001 6.742001 6.379282 5.05607 4.799668 6.208636 8.20851 7.877334 7.322315 7.239935 8.763263 9.412438 12.32249 15.93036 17.07758 21.12157 23.80372 26.08564 26.80199 26.54211 17.94257 20.57622 31.47538 26.01974 18.90153 18.15719 28.82813 34.92788 37.55492 37.3591 34.06451 34.28044 37.96859 40.63801 42.97041 42.08481 41.89995 33.80141 44.7058 49.67712 53.67005 54.26492 56.65705 60.49003 63.61869 65.46642 65.80507 63.39658 62.39039 56.64762 49.35581 46.53161 49.97092 51.88056 54.74205 56.64126 55.9087 60.81815 61.83303 63.79716
-0.04346434 1.009923 0.5205107 0 1.954096 1.349207 2.849956 4.781735 5.975809 6.990151 6.097381 7.078211 6.489972 6.72696 6.489781 6.71945 6.56005 8.375402 9.161348 8.532378 13.15498 12.88527 16.742 19.31602 22.84238 24.17829 24.16379 24.21673 18.78054 19.46652 26.55145 24.89627 18.75963 13.71902 25.88268 36.39227 36.65958 33.3314 33.23509 36.17917 40.21499 38.07252 35.99318 39.93383 38.26797 32.31729 46.62484 51.60586 55.43736 53.9075 61.50134 65.72755 67.74053 69.18535 70.02603 67.57326 66.04723 63.60497 56.05226 51.41458 49.80376 51.14483 56.54529 58.49679 58.34669 63.27053 62.18245 62.65633
2.18435 2.488004 5.774701 6.428521 4.995198 1.458002 2.950207 4.696866 5.169558 6.625254 6.486015 7.306437 6.574632 5.445529 3.179842 3.910819 5.243131 8.765746 9.931526 9.399444 14.50658 12.75499 15.77616 15.27935 19.30899 20.90457 22.742 22.7788 20.49106 18.70509 20.14463 23.44336 21.2205 11.29325 21.93769 34.12392 33.41089 31.7354 36.5729 38.44132 40.75194 35.51615 27.12309 36.62635 35.03384 33.04311 46.08477 49.81551 50.19264 48.74457 63.46929 67.96263 69.46527 71.19791 71.84 69.88187 67.04235 66.21624 63.67841 61.10758 53.15139 51.99092 54.94511 57.6995 61.65297 63.1828 60.09531 60.44571
1.827702 1.762193 5.737401 6.175138 4.920014 2.802516 4.303051 5.914541 5.869839 4.753191 5.239105 5.244584 3.235106 2.738547 2.474754 1.06599 5.291994 9.870957 9.742 11.63041 14.5933 15.82849 14.74896 9.993003 11.87064 16.45138 24.47483 24.8205 22.1958 17.28384 18.35776 22.49088 22.31187 11.92692 19.71998 27.63779 26.87283 38.31388 40.91238 37.86424 39.91718 35.4907 22.41015 29.80528 35.50479 35.51849 45.38819 46.66286 41.38287 43.71539 59.64888 68.29962 70.63686 73.07935 72.90513 71.53014 72.18924 71.41138 67.75114 65.80716 64.95104 62.25284 49.90084 54.31881 60.98658 61.53256 58.43456 64.50874
4.057552 2.724688 5.222943 6.067219 4.170987 4.079131 5.63185 7.263307 7.742284 6.62068 4.80828 4.584217 5.120584 1.858113 2.043874 4.174284 9.290668 12.00088 9.726263 10.25317 16.59575 18.80166 12.29511 10.67608 12.9251 14.63077 22.39956 25.53769 22.95051 18.19742 21.23419 23.55715 21.66547 17.5868 24.63648 28.45145 31.55716 39.28902 40.84513 36.7773 36.02795 34.09313 24.34846 24.45566 35.71497 43.18369 44.29996 43.59687 44.963 49.64741 60.751 66.54826 70.60608 74.2626 73.53175 71.19299 70.70045 72.12429 71.54323 68.56876 75.70187 72.48726 60.49545 59.38512 62.01112 62.76862 64.12393 65.26192
5.533213 5.316022 4.742001 5.026182 3.838054 4.24218 4.831445 5.828827 7.753264 8.807611 6.325815 4.720526 5.749546 2.127289 1.443083 6.885954 11.20642 12.70979 12.3475 12.13776 15.44927 18.37279 13.71895 16.25409 18.73305 16.77945 20.89532 23.49312 22.25389 20.94648 27.74619 28.50136 24.25872 24.87747 30.28812 30.20206 36.85609 39.86532 39.74397 37.13848 36.04145 34.46493 26.17978 25.41628 34.32783 41.59172 45.86798 43.75665 49.81848 55.90213 63.05856 66.72954 70.03045 73.87627 72.8579 71.64926 69.75394 71.19726 73.27562 69.76682 81.31345 79.29713 68.73032 65.28396 64.18378 66.37209 68.54015 65.08363
6.298746 6.817752 4.742 4.39536 3.742474 4.618369 4.742001 4.73602 6.772002 9.453699 7.775768 4.548641 2.774806 2.004951 0.6647657 6.851994 9.240707 11.74637 14.78804 13.8925 12.83115 16.67535 16.73079 19.08204 21.57864 19.90967 21.96843 22.63269 23.05781 26.64262 35.61752 35.40239 29.74582 28.77321 32.20007 30.87804 38.5044 39.46282 38.12978 38.95286 37.95641 35.99037 28.09896 29.6837 30.38678 31.6732 46.25828 46.20775 50.09734 56.98643 62.4463 68.22549 70.34441 71.99377 72.52943 73.35444 70.58756 69.94509 73.12144 68.02905 78.79552 80.34589 70.24651 68.47505 65.91238 68.94791 69.39645 64.8028
4.649253 5.244363 4.742 5.410368 4.742 5.071497 5.379576 3.832238 5.228196 6.174701 5.04847 5.48208 2.602111 1.757888 1.40887 3.84815 7.743454 9.869956 13.56409 13.72604 15.77297 17.742 15.73984 15.74943 16.38212 19.75667 23.60505 26.48345 30.88957 37.26293 40.29766 37.93708 32.91402 26.06831 28.8933 30.37105 38.2124 38.90929 39.40287 38.62236 35.88717 32.9211 31.50766 34.54627 23.5892 27.11353 45.09158 49.2941 49.06278 51.40927 60.34244 66.62789 74.37237 74.75829 73.45181 73.97033 75.85017 75.89824 74.28533 64.18063 65.61441 68.25314 68.39581 69.16748 69.49349 71.39075 71.01602 68.19579
