examples/CapeCod/ArcData/elevation-90.txt
ncols         267
nrows         334
xllcorner     267109.51967155
yllcorner     807366.90385101
cellsize      90
NODATA_value  -9999
[rows 217 to 247 of 334, columns 68 to 135 of 267]
26.22522 30.85718 35.66247 33.59936 32.2119 29.8523 32.33741 32.57801 43.16202 49.28313 57.02134 64.4301 50.09723 38.61811 30.41352 27.99577 21.967 15.1607 13.24655 10.55634 10.48384 16.99042 18.86417 23.09213 23.77124 23.93157 25.18864 22.83634 20.09801 19.05692 22.51584 16.12436 13.31581 17.98868 17.24887 17.90377 17.36353 12.77815 14.16888 15.57094 18.38869 14.33032 15.49812 15.33817 9.191584 9.196952 13.79508 17.57269 18.11887 20.99965 21.64388 21.60552 21.56639 21.63541 21.49477 21.37906 22.28673 20.92594 15.21458 14.80045 16.49948 13.36371 16.42106 21.32122 22.00572 22.89696 22.51962 21.74268
28.93458 31.46727 32.73769 35.62886 36.77177 31.97421 32.82983 31.89093 49.36226 54.10161 57.73909 61.9024 48.08821 37.23108 29.56035 30.02032 23.71947 12.81038 11.8195 12.41694 9.749959 18.45373 21.91083 22.84782 20.91187 23.55617 26.87498 24.63048 19.93069 16.74423 16.64113 19.5046 21.30672 22.61038 24.43671 24.38216 22.36942 15.37093 16.05434 19.60179 21.17956 16.41162 12.6975 12.55331 7.811493 7.011899 13.77253 19.01414 18.39162 20.23004 20.738 20.738 20.738 19.73799 20.738 20.82321 21.50936 20.79496 16.93452 12.84154 12.11335 11.12716 18.42915 21.738 21.738 22.70958 22.70529 21.79686
38.06415 40.03482 32.73143 35.47388 42.33313 36.27972 31.84358 31.74748 47.17356 55.81769 57.47319 53.83605 42.12994 34.12801 31.08185 31.71493 26.82167 14.00444 11.81005 14.34747 12.16398 20.07446 23.72855 22.31233 20.45619 22.46091 25.63076 24.97665 19.51112 16.84825 16.02565 20.35439 23.94458 23.751 25.33486 25.3901 23.62804 18.96222 20.42071 18.96176 19.7778 18.14607 16.37082 12.64698 8.294375 7.260904 12.9132 18.478 19.00138 19.74386 19.74522 20.72135 20.738 20.738 21.01455 21.06825 23.68515 21.2262 19.75182 12.99104 10.738 11.55289 18.91096 21.738 21.738 23.58239 23.71759 21.81424
41.80723 47.45801 43.61868 42.44209 44.7787 43.64809 37.93216 32.79288 39.80318 48.29101 51.94917 53.68146 44.33235 36.21043 31.70028 29.43358 26.43028 13.03713 11.38549 12.83022 17.50409 23.5026 23.47358 23.55371 23.76926 22.4787 23.72639 23.25364 18.39408 18.619 18.80383 20.89225 23.71832 23.73036 23.71277 22.96797 22.66552 21.40364 22.25915 18.47463 17.57105 17.64236 18.85431 6.830115 9.038268 9.234307 11.38501 17.15724 17.25361 17.59839 17.85945 20.2191 19.81113 19.77335 19.74349 20.18876 21.79408 21.68849 19.0464 13.76637 11.26992 17.43492 22.35377 22.64384 21.76145 21.65098 21.07755 20.83209
42.34296 50.76867 52.49718 50.63837 49.9713 46.6468 40.81984 35.43238 43.9445 49.23077 51.239 53.62578 43.56794 36.68206 32.7901 29.0407 22.02152 15.16633 19.40984 14.10437 22.34309 24.17268 23.85246 26.27211 26.27614 23.57074 22.63493 19.88165 13.90954 15.19679 20.87536 20.41698 22.92617 24.51285 21.90123 21.5935 21.74804 21.91611 21.91872 20.17787 17.17049 16.21956 8.610301 6.508949 11.77879 11.19289 9.678737 15.47265 15.08957 15.94253 17.78309 20.10877 20.6126 20.66146 19.75641 19.88652 20.738 21.24146 18.99488 13.17706 13.67846 19.90099 22.83974 22.75184 22.15877 21.29086 21.03617 20.99641
40.61514 47.65971 53.10066 53.45128 52.86697 46.6482 41.25406 35.94222 47.52597 51.56828 52.3309 52.72725 44.96769 36.41772 31.15142 28.54839 21.93114 19.0756 23.43371 20.42344 25.50992 24.738 24.94554 26.57959 25.46026 23.65221 22.61113 16.83554 9.048308 14.70684 20.60654 21.20038 21.74434 22.45768 20.02107 19.88653 22.00489 24.48916 22.84274 21.62348 18.32713 7.920413 9.157117 18.82262 13.72465 7.764545 6.885686 12.2654 15.43785 16.79471 18.78788 20.71676 20.83405 21.73287 20.86143 20.738 21.22905 19.63414 17.6034 11.71046 14.94033 18.51932 21.65564 21.6229 21.58939 21.51513 21.44114 20.48121
40.2578 41.96886 44.43164 46.03623 48.456 47.10667 43.02713 33.17879 45.6761 51.30231 51.31571 48.93653 46.64015 35.47589 27.61292 26.74042 25.06289 23.77927 23.74654 25.59481 26.68713 24.738 25.74681 25.74889 24.13511 23.73674 21.63646 14.63378 8.667359 15.33423 18.4206 19.31645 20.61271 21.7773 19.699 18.27125 22.06131 23.64787 19.4439 18.03164 13.94667 5.738 11.82439 19.3741 16.07175 6.78063 7.188577 13.98447 16.4378 17.738 18.6273 19.5184 19.7836 20.45137 20.738 19.89585 19.62506 18.11574 13.2744 8.680953 15.55147 19.06366 19.71876 19.75237 19.73639 19.73294 18.79457 17.98
35.82759 40.48901 41.61564 39.61987 40.39292 39.34112 38.39189 38.40497 46.03471 47.63568 47.66106 43.57973 40.26952 32.03332 26.92106 25.66475 25.49417 25.01838 23.37664 25.24225 25.27425 25.21309 25.15097 23.2928 22.2831 22.10026 21.4144 12.69525 13.05939 14.69006 16.14674 16.3471 19.90913 22.47407 19.69262 18.42489 20.41992 20.23878 13.86878 10.89833 5.738 5.738 13.5731 16.57074 15.03128 7.780704 8.753588 15.74773 17.22574 17.41357 17.76728 18.96799 19.76051 20.0836 20.738 18.87338 16.90246 14.23513 9.396872 9.80525 17.32242 20.45474 20.65515 19.738 18.738 18.62769 15.31254 16.96547
34.44613 40.36823 42.35492 37.79956 35.76749 37.50364 38.04277 42.8503 44.48636 44.30151 43.61386 37.40234 34.02747 29.50825 25.5612 24.39854 24.10988 21.5119 21.91439 22.85869 23.80985 23.62698 20.77098 22.30118 21.85406 20.52504 18.31579 11.8062 14.21406 15.38069 13.87519 15.9041 19.32679 20.42204 18.35112 18.81797 16.268 14.85568 7.33232 5.738 5.737999 5.737999 14.17388 14.865 10.28819 8.700895 9.362408 16.28655 16.72684 15.98949 17.03552 19.01885 19.41424 20.22167 19.79061 18.738 15.75504 10.37767 7.540333 13.00859 18.06641 19.79767 19.83862 19.738 18.83373 18.10779 14.18441 15.07264
36.23617 39.92572 43.31997 39.65465 37.01214 40.83049 43.18352 44.17069 41.64001 41.5853 39.63616 32.81413 28.56414 28.03761 25.13915 23.63971 23.43179 20.57492 20.85317 21.738 21.25921 22.57557 17.03552 15.78286 15.04487 15.39841 16.8805 14.51798 14.8267 14.50935 14.50838 16.64975 19.39994 17.45552 14.11383 9.73008 9.434777 11.06308 12.25371 5.789973 5.738 5.738 12.80246 15.10417 11.41738 7.532259 8.626162 14.9557 17.28376 15.22014 15.91492 16.48782 16.7849 17.56282 18.60851 17.79963 16.74654 7.721606 7.760088 16.48778 17.738 17.738 17.93988 19.29292 19.738 18.75517 14.94465 13.12757
36.37447 40.35666 42.43841 39.738 43.30492 45.40905 46.22802 42.78082 39.27751 37.52275 34.32711 30.09103 25.14391 24.84749 25.40394 24.95812 24.67654 23.69312 20.20178 19.97622 18.77984 22.11113 16.51822 10.17134 10.01247 12.98542 17.72092 18.42427 15.58165 14.71179 16.71042 16.40486 15.84472 11.7754 7.509097 5.739272 5.738 5.775404 13.3491 14.14428 5.837573 5.738 15.398 17.15863 14.07146 7.421288 7.277047 13.74832 15.77067 14.738 14.6403 14.51801 15.25094 17.20865 16.52907 15.65178 13.33161 6.928645 9.027954 18.45724 18.80323 18.17211 17.738 18.36038 19.70296 20.35471 16.21227 14.31132
33.62877 40.41557 44.97914 44.41533 47.62317 47.02392 42.36538 36.34482 33.03406 33.18631 33.92178 30.59139 23.46806 22.78844 24.32239 26.06182 23.738 22.62637 13.7215 14.23571 19.85659 22.4837 19.57046 12.98481 13.78859 17.11371 20.2198 19.98941 17.56429 15.84164 17.75301 13.47694 8.567058 5.830863 5.738 5.738 5.737999 5.738 9.117843 17.15206 11.79056 9.713766 15.74772 18.02446 15.08829 7.169319 5.348953 13.36587 14.30209 14.79467 14.40351 14.23468 15.37061 17.33084 17.405 14.39521 9.106956 5.725607 12.36047 18.08097 18.00692 17.74736 17.738 18.18542 19.04657 19.45715 17.90838 13.99169
33.94425 41.36337 48.83557 49.21857 47.7477 46.31891 39.86886 35.00986 30.94083 29.88243 31.802 29.89489 23.72735 23.72964 22.92452 24.60165 22.99152 21.86504 13.71773 11.35565 16.70573 19.85655 20.88446 18.99296 17.78421 18.16269 19.28217 19.32117 18.27375 14.62283 13.01631 7.121655 5.737999 5.737999 5.737999 5.738 5.738 5.738 5.737999 16.87904 16.21677 15.28384 15.88449 15.80467 14.25908 5.935577 3.738 13.88343 13.81891 15.68793 15.71376 16.13143 17.68087 17.73384 19.08688 15.24367 4.908856 5.411239 16.6186 16.82504 16.92285 17.87338 17.96188 18.37127 18.738 18.49729 17.4376 12.1689
39.67501 42.3769 48.48205 49.06771 42.55294 42.16525 41.47399 39.44642 33.51637 29.44841 30.01454 28.63799 24.44171 24.50826 22.738 22.82646 21.72746 21.73523 17.0154 10.72094 12.11853 14.60402 17.97201 21.5233 16.94422 15.93689 16.40794 11.20853 8.063101 6.78084 6.122849 5.661785 5.738 5.738 5.738 5.738 5.769501 5.738 7.93007 14.37614 14.59514 16.59485 16.69319 16.5634 14.77762 4.004571 3.738 12.98568 14.70983 16.7381 16.77761 17.73955 17.80448 17.79018 17.05808 12.67234 5.61753 6.403231 17.52464 17.59 17.75101 18.50986 18.51451 18.47348 18.41653 17.75602 15.95057 11.01751
41.07716 38.09761 41.7162 43.61012 40.47235 39.6994 39.43306 38.64117 34.08622 30.44653 32.03773 28.59763 24.78003 24.04297 22.58482 20.87082 19.24682 20.738 17.53214 11.72041 11.95297 13.73235 9.71269 4.738 4.738 4.738 14.65137 5.738 5.738 5.738 5.738 5.738 5.738 5.738 5.738 7.118415 12.02466 6.538186 12.51182 11.83113 12.82631 16.72554 16.84396 16.74246 14.29329 5.35026 3.738 5.788221 8.618428 15.14587 16.30261 17.73803 17.71869 17.738 15.93725 8.626996 5.609662 10.67105 16.52622 16.42061 16.65549 17.07321 17.01361 16.96889 16.91754 16.8193 14.86967 12.0401
40.10504 33.31469 38.40759 38.26252 35.74479 34.2435 33.96537 33.50484 31.60145 29.83272 31.56488 28.20127 24.73864 22.6466 22.70022 21.46901 20.61511 20.53904 18.35091 11.27508 14.39067 10.88174 4.738 4.738 4.738 7.295546 14.25402 7.211132 5.738 5.738 5.742453 4.211712 5.738 5.739298 4.992211 15.78545 17.46728 14.50368 15.27539 11.98859 13.30746 15.21057 16.72568 16.69389 13.61599 6.932506 3.738 3.738 3.738 13.35371 16.14499 16.77904 17.25534 17.62035 14.55872 5.321143 5.408483 12.77027 14.73555 15.31738 15.98625 17.52737 17.31175 16.738 16.67667 16.43247 14.03012 9.311257
39.71678 33.09132 38.97669 36.5971 30.52534 29.98311 28.7116 26.73751 27.10916 27.58693 29.31034 26.84519 22.36752 19.96278 22.06004 21.05982 20.90371 20.46675 18.03943 14.16822 18.3777 15.37606 5.857606 4.738 9.243341 13.57311 18.39027 16.28431 11.64573 11.00009 7.604983 5.738 5.738 7.022536 12.837 16.58042 17.31819 17.73498 17.57529 15.46609 13.60744 14.64393 17.87248 16.29489 12.98477 7.612967 3.738 3.738 3.738 14.50953 17.52124 17.68397 17.6139 15.80263 12.56509 4.516777 4.774846 12.63425 14.26363 15.27942 16.30376 17.48768 17.17495 15.91898 15.31847 14.44659 10.70325 6.602106
42.68476 38.4637 34.82382 34.74627 29.95919 29.6556 27.62827 23.4743 22.60137 25.78703 28.24466 24.7964 17.1702 17.28177 20.69254 18.88518 19.47493 20.24646 16.09677 16.17657 20.86713 18.11167 9.021375 10.9328 17.05462 17.88145 20.60471 20.87822 17.96396 16.56728 6.404734 5.737999 5.738 10.57146 17.39526 16.72955 16.738 17.6247 17.54834 16.50732 14.54178 14.70373 16.74945 15.51954 14.05782 6.752169 3.738 3.738 4.445134 13.35989 15.35153 16.24729 16.09153 15.10583 12.14265 3.218381 6.307104 11.92473 13.00611 13.06344 13.99115 13.96768 13.97179 13.96811 13.79821 12.95937 5.377751 8.311055
40.99789 39.46315 36.18531 36.47222 29.36447 27.74391 25.54193 23.70824 23.45112 25.89948 24.22866 22.21666 16.74484 17.4904 19.17674 18.72585 18.02086 17.98582 16.94626 15.76635 18.28138 15.9091 13.0783 14.64323 17.82665 17.74167 18.21876 18.06127 17.7425 16.88236 5.745677 5.737999 14.22164 15.88168 15.74479 16.10794 16.18909 16.11308 15.83201 15.738 15.12548 15.00868 16.43114 16.44641 14.44152 5.120877 3.91398 11.86814 10.35607 12.63015 14.26716 14.738 14.54246 14.73289 9.403499 2.762667 9.813155 13.15611 14.21959 14.28731 14.73137 14.73513 13.88621 12.86456 12.738 10.81423 4.999027 9.217843
38.02237 37.28349 38.58091 37.18209 28.70895 25.87622 23.738 24.93472 24.5909 25.00422 21.68521 20.059 15.65596 17.43346 17.738 17.738 17.738 17.58195 17.50222 16.45172 14.06009 13.04468 13.26423 17.08122 19.96049 20.37671 20.44039 18.78038 18.73668 15.68815 7.424924 5.741823 16.50256 17.1192 16.33311 15.63542 14.738 14.85612 15.738 15.738 15.73628 15.91958 17.84192 17.53628 13.23753 4.070142 3.915572 13.02991 12.6123 12.52739 14.44885 14.07844 12.75034 13.33377 6.778623 4.052532 11.72957 14.68109 15.73737 15.738 15.738 14.90893 13.95488 12.75416 13.17291 12.61225 5.750372 8.627643
36.29977 38.22905 37.94045 35.31454 28.38378 25.42695 24.1573 26.45425 24.54173 22.51426 20.46064 16.74148 14.57712 17.59629 17.77736 17.14126 17.738 18.30393 17.69453 16.98425 12.45574 13.34212 15.3001 19.21367 20.70948 20.73021 20.70753 19.58456 18.61741 16.94687 15.3382 15.07934 15.69142 17.31657 16.25746 15.73707 15.74659 15.77275 15.51271 14.94556 14.88799 14.80514 15.9596 14.34287 7.95694 3.738 3.84274 10.82077 10.03712 9.900705 13.15365 12.99114 11.21427 9.897626 4.515407 5.242743 11.1401 14.43239 14.738 14.738 14.738 14.738 13.738 13.26028 13.87031 14.32322 6.24566 8.690471
34.41509 36.6083 34.12303 31.03227 28.73771 28.61424 28.39888 26.16042 22.04541 20.07292 18.61573 13.11541 13.43252 17.77689 17.94364 16.68305 17.90488 19.37126 16.59901 15.30041 11.01437 14.22566 16.45292 19.26806 19.78869 19.39031 17.39264 16.60919 17.17042 17.95995 17.14513 15.74569 15.738 16.75614 16.76721 15.76928 15.75696 15.7488 15.28924 14.73204 14.738 14.74337 14.738 11.3608 4.443075 3.738 3.822509 11.06537 6.626719 4.955386 7.000611 7.845269 7.500328 11.87886 5.187257 4.992792 12.12063 15.25254 16.87678 16.3314 14.738 14.738 13.82307 11.89798 14.3183 12.7631 5.932392 9.954246
32.7422 34.77527 34.30898 28.00331 31.81225 30.98362 26.25997 22.75308 19.63994 19.13425 18.08167 13.28625 15.07891 17.33893 15.66245 15.99247 18.41216 17.93811 16.94824 5.69589 4.034956 7.984434 8.964854 15.39344 18.42841 18.22543 6.496243 5.074047 12.23795 19.03972 17.05161 15.38289 15.31027 15.2338 15.1293 14.74337 14.738 14.48968 13.94752 13.47631 14.75882 14.73762 14.11377 9.098899 4.202904 3.739461 4.408017 11.01088 3.757014 3.738 3.738 3.738 3.781172 13.6778 6.939196 4.582154 11.10553 14.06584 15.70551 15.49467 14.10247 14.07057 13.78181 11.52973 12.87258 11.59667 5.800536 10.88829
31.76595 30.73396 33.59623 25.13851 31.66456 29.71237 22.61106 20.21456 17.78518 17.68649 17.31305 14.28088 16.14666 16.63864 15.25865 15.46751 14.07251 16.57869 13.65081 3.428178 3.738 3.738 3.738 3.738 13.82595 4.094324 3.738 3.738 3.841983 16.26383 14.68831 13.80054 13.86705 13.82388 13.78966 14.80258 14.738 13.58868 12.75706 11.58612 13.73192 13.738 13.52769 8.860563 3.738 2.871664 6.586955 8.148075 3.669291 3.738 3.738 4.424987 12.93653 13.88373 6.805556 3.367656 9.980042 11.83297 14.42998 13.74181 13.738 13.738 13.738 11.52546 10.47057 8.554114 4.836226 10.04084
30.2103 30.32184 27.6624 25.74374 27.06483 24.58753 21.42129 20.67612 18.7654 15.44544 15.32655 15.13821 15.738 15.738 15.01822 14.47816 10.22651 13.93204 11.5199 3.599704 3.445074 3.738 3.738 3.738 9.077396 4.032898 3.738 3.738 6.170001 14.738 13.707 13.58861 14.61096 13.74686 13.738 13.09735 13.07256 12.91338 12.73746 12.1082 12.86226 12.86612 12.32225 7.211674 3.738 3.073817 5.413136 6.830432 2.842925 3.71213 3.738 9.544053 13.73571 12.86407 3.848646 2.647645 10.81826 13.72816 15.18138 14.01675 13.75018 13.738 13.738 12.81097 9.176901 4.516953 3.877062 8.310422
33.69943 33.75247 32.95395 25.87665 25.62531 24.08137 27.68776 21.6277 16.90971 13.85504 13.82429 13.44881 14.76506 14.76678 13.83769 12.89465 13.11411 9.236555 13.738 13.17964 5.556598 3.702681 3.738 5.004234 8.712032 3.83589 3.738 3.738 3.738 15.22905 14.738 14.7608 14.84985 13.83479 13.72648 12.35345 11.72949 11.71365 11.66998 12.59879 12.738 12.738 12.37153 8.507429 3.738 3.161266 4.865773 5.107181 6.196293 5.672856 3.737616 9.32373 13.15846 11.37729 2.537746 4.336661 10.938 12.65349 13.3503 12.738 12.738 12.64785 12.738 12.738 12.4747 5.212941 4.224114 8.006177
38.42285 38.39142 36.42835 31.07414 27.38679 27.29432 28.56685 21.95448 17.71069 16.18461 14.53853 13.71984 14.73582 14.738 13.85336 13.73515 14.72433 12.90345 13.81466 14.59633 8.498745 3.552956 3.738 8.646433 12.7738 6.486251 3.651412 3.683408 3.891706 16.4735 13.79682 14.56937 13.85559 12.75249 11.88748 11.49752 10.64257 10.48888 10.84031 11.91109 12.738 13.59697 12.95277 11.22084 3.738 3.412157 5.090068 4.738 8.282101 9.993368 7.395061 9.494452 10.46777 8.312497 2.73441 5.999848 11.19474 11.65941 12.0913 12.83528 12.80306 11.39159 12.87681 13.00677 13.60257 5.420876 3.990602 9.069775
36.06466 35.38426 30.31355 31.8002 25.59412 28.82978 25.83715 21.86582 18.68093 18.07528 16.24809 15.39056 14.738 14.03892 13.76021 14.68078 15.74338 15.29199 14.738 14.4556 9.455223 3.533179 4.335927 13.88426 15.81139 12.53566 8.163363 5.820957 8.997697 13.50192 11.94572 13.6682 14.12426 12.84424 12.22238 11.78921 11.86967 12.91789 12.34783 12.99773 12.738 12.738 11.91471 9.559819 3.888616 3.690623 6.482693 3.738326 5.727912 11.5715 12.77177 12.88122 7.178838 4.403048 2.65241 6.839593 12.71287 11.91542 12.89696 13.65571 13.19191 9.689866 13.00644 14.00214 12.93196 3.437512 3.922356 10.1794
16.99302 12.7258 13.13935 21.81357 16.7784 26.45838 25.02255 23.37151 19.34192 18.40885 16.6933 17.13561 14.86012 11.76973 11.76678 13.1464 15.90052 14.738 14.85573 13.8751 10.11654 8.408409 9.797055 14.13535 15.90882 16.05806 14.19878 12.325 12.67744 11.80887 11.77364 13.36096 14.10733 12.53847 12.33118 12.03062 11.03739 13.18764 12.14291 12.06965 12.00472 11.99045 12.3207 9.695979 3.738 3.738 6.663506 6.379653 8.114474 11.70702 12.84929 12.90666 6.094374 2.604212 2.612122 7.137394 12.70732 12.738 12.738 12.738 12.52505 9.946198 11.17004 12.69951 12.0955 3.143896 4.959246 11.63033
1.096959 1.585956 2.682196 6.038036 13.43724 18.5829 22.35255 19.64677 16.77015 16.44455 12.00817 13.23455 16.05974 13.4581 12.05297 10.72843 11.36884 13.50141 15.81745 13.62093 12.60127 13.51029 14.26765 14.32393 15.0147 16.25274 13.77802 13.73694 12.7646 11.15296 11.64608 12.72672 12.61889 11.60141 11.738 11.6165 9.792518 11.75076 12.36606 11.74346 11.738 11.74272 12.738 10.04681 3.797556 3.709721 7.319726 9.342896 10.77405 11.56333 12.5476 12.65674 6.69146 1.967036 2.138674 6.185841 12.51835 13.24196 13.30976 13.38268 12.59966 8.977319 10.52949 13.4177 11.52548 2.963206 4.638571 12.21796
0.9692409 1.602719 2.716547 2.738 3.950675 12.06851 19.39964 19.61015 17.0471 15.61239 9.718492 9.585263 11.85246 9.318071 9.698637 9.580138 10.23895 10.65128 14.56462 12.84741 11.87972 12.86273 13.8444 13.23098 13.21908 14.4414 12.7874 12.74609 11.74261 9.517524 7.646173 11.738 11.006 10.44296 11.738 11.00937 10.78097 12.50861 12.738 12.738 12.738 12.86691 12.72839 9.852831 4.198408 3.738 8.442904 11.75303 12.01504 12.44924 12.75409 12.27378 7.033762 2.738 2.863858 5.903663 11.6839 13.70654 13.8842 13.81856 12.57706 9.092825 8.888986 12.69767 10.87175 2.084555 4.63377 10.99728
