examples/CapeCod/ArcData/elevation-90.txt
ncols         267
nrows         334
xllcorner     267109.51967155
yllcorner     807366.90385101
cellsize      90
NODATA_value  -9999
[rows 0 to 30 of 334, columns 0 to 67 of 267]
13.97771 14.37855 13.60462 13.25292 14.15092 14.06984 12.63428 8.932532 14.84447 14.82535 14.60657 14.48515 7.829161 7.746 7.746 7.746 9.817031 14.0627 13.13947 9.069167 4.745999 3.790541 8.065182 10.7866 10.88612 9.286051 6.064969 7.61154 8.580353 5.398148 4.746 5.777836 10.72388 9.132947 6.283382 8.958483 10.24296 11.68542 13.58869 13.24302 14.23208 13.84838 12.84977 9.89397 16.71051 18.66231 18.70023 16.94797 15.73494 14.05717 14.80586 17.00025 18.15714 18.52697 19.77563 18.99139 13.11066 10.38154 16.9901 18.1884 16.36309 15.4817 18.02514 16.13853 15.62504 16.67171 19.62575 19.91548
11.92815 11.59218 9.654712 11.43188 14.67158 12.27789 8.049336 7.863982 13.52969 13.59138 11.34815 11.1708 7.746 7.746 7.746 7.745999 10.40822 14.746 12.28358 4.746 4.827754 4.746 10.26974 12.08258 13.85866 9.080848 4.738435 6.472738 6.633471 5.835631 5.498491 5.470179 7.782701 7.992789 6.610853 8.481639 9.829871 10.12169 10.74643 11.8011 13.76013 11.79831 12.43282 11.90857 18.62843 18.82008 19.35652 19.23492 16.52172 14.73182 15.32152 17.73234 18.74794 19.27349 19.74977 18.71399 12.03342 11.12851 19.27767 20.23277 17.78436 16.72918 17.28827 17.00184 16.09322 16.59606 18.96404 15.54515
11.74587 11.746 10.19646 11.7194 12.50925 8.506703 7.746 7.746 9.032937 9.47219 9.482568 10.7446 7.746 7.746 7.746 7.746 12.91626 13.70568 9.270237 4.823052 9.328868 9.789716 12.58361 13.93167 15.0306 10.66169 3.534513 3.398973 6.684298 10.39323 9.360185 7.655857 6.903434 9.553218 9.48427 8.316243 10.08212 9.463517 8.810938 11.5273 13.6608 11.53817 12.75704 13.68159 18.37846 18.80063 19.746 19.01577 16.25624 14.26261 14.87163 16.60063 20.23985 21.32674 21.41134 18.70372 14.17662 11.8619 19.42725 19.03812 18.37388 18.29494 16.0146 16.91776 17.00509 17.09903 17.7746 11.45863
10.68186 10.66178 10.6843 11.51841 11.15329 8.028211 7.746 7.745999 7.745999 7.746 7.746 7.867304 7.746 7.746 8.283915 10.40531 13.74215 11.47388 6.928114 6.396114 10.80114 7.555681 11.58873 12.13526 13.16477 9.196094 5.806545 4.597529 9.486572 12.07995 12.62904 12.05423 13.50605 13.43559 10.85258 4.985033 10.50519 10.16117 9.844251 13.7676 13.67512 11.78308 14.5907 15.03264 17.94443 20.04407 20.23396 18.5309 14.76015 13.74759 14.05849 14.79863 20.63215 22.68493 22.20798 18.11865 16.47481 10.87563 17.12037 17.1203 18.32155 17.79302 14.41648 15.41459 17.72166 17.45928 15.52423 8.289122
8.746 8.835767 9.218318 9.908423 8.693803 7.746 11.04345 7.746 7.746 7.746 7.746 7.746 7.746 7.885194 10.58739 9.890411 11.78001 7.936952 4.734558 7.734556 10.56706 5.506844 8.575702 8.371468 8.462953 6.12752 7.051075 7.7983 9.145463 14.54136 12.86347 13.13838 15.06803 14.49824 10.76484 5.564903 6.157585 11.19833 11.80968 13.07163 12.61226 12.86929 15.65619 15.36174 17.62987 18.56 18.21604 17.746 17.00257 13.84512 16.19485 17.96892 20.35313 20.73445 18.34104 16.23784 11.55758 9.047165 12.37688 15.99215 17.67001 15.82384 14.27656 14.63576 16.29337 14.68321 9.013091 6.599947
8.67557 7.589306 7.746 7.746 7.746 9.212399 10.85324 7.746 7.746 7.746 7.745999 7.746 7.746 8.317461 9.106212 7.754797 7.746 7.460892 4.746 5.865983 8.432566 4.868212 5.180443 4.432232 4.301131 3.851921 6.371868 11.23254 10.34614 15.0233 5.633105 12.38367 13.35583 12.61666 10.28782 6.059578 4.746 11.746 12.0901 10.26615 11.06949 14.87254 15.6772 15.15969 16.62888 17.45959 17.7467 17.66193 16.21728 13.54018 15.66715 17.746 18.56103 19.07629 16.84907 15.50781 10.73693 7.897542 8.339466 13.90626 16.16817 15.83447 15.45511 14.82545 14.28578 9.744312 6.208204 6.802462
8.648663 7.754461 7.594038 7.746 8.512019 10.58498 7.861074 7.746 7.746 7.746 7.746 7.746 7.746 7.746 7.746 7.746 7.723415 8.078314 4.802555 4.817352 5.344429 4.724051 4.715267 4.674425 4.698898 4.668652 4.652215 10.30657 14.05715 4.745999 6.538051 10.95288 9.157685 11.54381 10.22326 5.29448 4.745999 9.932276 7.90898 7.120069 9.257924 15.51359 15.38718 13.92543 15.25181 17.17581 16.13408 16.08783 13.9634 12.62107 14.42853 16.98543 17.57066 18.52215 16.746 15.86254 10.63368 7.992622 7.838127 11.36072 14.37092 16.60498 15.9131 14.98817 11.75387 6.333367 6.323258 6.798757
8.979971 7.914048 7.746 7.746077 10.79654 9.821333 7.746 7.746 7.746 7.745999 7.746 7.746 7.746 7.746 7.746 7.746 7.751256 10.81184 7.02798 4.746 4.746 3.86452 3.846348 4.55907 5.584159 6.311355 5.508711 7.847649 11.80603 5.536435 4.754837 5.038408 5.24842 9.751007 6.000103 4.750674 5.00427 8.73666 6.486211 6.389029 10.2319 14.31371 12.837 12.8701 12.25578 14.62684 11.75096 13.72257 13.746 12.04013 15.44942 17.00064 18.45628 18.69761 16.93985 16.55703 11.16055 7.755965 7.732486 10.24341 12.46383 15.52345 16.10651 12.90777 6.502729 6.382953 6.505084 6.70365
9.466813 7.745999 7.746 8.508368 9.071993 7.746 7.746 7.746 7.746 7.746 7.746 7.746 7.746 7.746 7.746 7.583126 12.73951 12.05416 6.204273 4.746 4.746 4.073077 4.287578 4.729481 6.260363 7.622409 7.785837 5.809352 7.824895 7.624048 4.745999 4.746 4.746 4.934295 4.932281 8.749666 8.762668 10.56947 6.018069 5.516921 10.17984 14.50519 15.09704 13.83148 12.91495 13.46494 11.15917 12.50446 14.58046 12.1174 15.61304 17.74685 20.49517 19.12052 17.72279 11.28892 8.957288 7.042483 7.335487 10.27886 15.18639 17.31877 17.53307 12.91422 6.517354 6.667793 6.593365 7.546266
7.862357 7.746 7.794632 8.825539 8.431588 7.745999 7.746 7.746 7.746 7.746 7.746 7.746 7.745999 7.746 7.746 8.085747 15.21392 10.54929 8.164 5.003215 4.746 4.78774 5.110227 4.074325 8.246531 10.27305 9.778733 7.052907 6.344544 7.258583 4.746 4.746 4.746 4.746 6.121598 9.623827 8.138543 11.14911 6.004635 5.158538 9.196328 15.15591 18.49494 13.2252 14.02265 13.52533 12.70336 12.746 14.50071 11.63182 15.60817 18.5873 18.03764 15.89116 14.66722 7.843353 7.795977 6.125565 6.739934 10.09968 13.87747 16.43391 18.32299 13.8313 10.79558 10.19715 8.823496 12.80935
7.746 7.746 8.828362 8.014721 7.824655 7.746 7.746 7.746 7.745999 7.746 7.746 7.746 7.745999 7.746 7.746 7.176977 12.63037 9.885714 8.746 5.670977 4.746 4.755258 6.588174 4.751959 7.163353 7.507113 7.16453 6.112583 5.424246 5.547565 4.746 4.746 4.746 4.746 4.746 4.746 7.287211 8.641123 5.170638 8.96023 12.04409 14.75992 15.78029 11.66291 13.60475 12.7446 12.06001 12.86044 12.96699 11.07952 15.59712 18.06326 13.25202 11.15427 10.66623 11.39332 7.65292 4.748845 7.061969 8.494498 9.481518 13.88965 16.65028 14.71753 9.870431 11.71222 10.59014 13.75616
7.746 6.603229 8.666777 6.338434 4.909063 7.746 7.746 7.746 7.746 7.746 7.746 7.746 7.746 7.745999 7.746 7.026248 7.691057 7.949967 7.730844 5.820614 4.746 4.746 5.731807 5.22031 5.263621 4.746 4.746 5.312414 4.761067 4.746 4.746 4.745999 4.746 4.746 4.746 4.755625 9.590856 8.513741 6.964016 13.14833 14.76905 15.26992 13.9545 12.26694 12.19237 14.34795 15.21058 16.76143 16.10614 12.19326 12.38785 14.63742 13.15804 12.61041 12.94242 13.82866 6.346807 5.921895 6.411005 9.120506 9.116823 13.20604 12.42039 9.798997 8.993407 12.57302 14.81263 12.79987
4.916896 5.370291 5.937694 4.773907 4.829981 6.485851 7.746 7.746 7.746 7.746 7.746 7.746 7.746 7.746 7.746 7.687076 6.68633 5.955513 5.629848 6.166985 4.746 4.746 4.962393 4.746 4.746 4.746 4.746 4.746 4.826508 4.88031 4.746 4.746 4.746 6.334795 4.746 4.746 11.2896 9.23124 9.802885 16.14916 17.59641 15.78969 14.13974 14.8634 12.76242 17.11036 19.91932 19.18345 17.3202 11.88887 10.85586 11.35237 12.75856 13.96894 13.17202 12.31627 6.131009 7.265831 8.751182 10.91523 11.9567 13.55086 8.049403 7.030213 9.697721 14.88038 17.42634 9.843144
4.205171 4.749868 4.745999 4.746 4.746 5.829142 7.746 7.746 7.746 7.745999 7.746 7.746 7.373891 7.612679 5.73337 4.763219 4.74934 4.745999 4.746 5.69722 4.746 4.745999 4.746 4.745999 4.978369 4.746 4.746 5.094962 4.746 7.017404 10.32458 7.115225 9.622049 10.0988 6.530066 4.791584 6.471601 6.606387 9.847604 14.98006 17.65143 16.34248 13.84581 15.98242 18.25007 21.24796 24.94945 18.78865 13.74902 11.6175 9.858901 10.03183 9.846249 10.62302 8.978437 6.512686 6.045062 9.067554 11.03281 12.28996 13.75303 10.04558 5.744637 5.776631 14.17146 17.51431 16.64773 9.37468
4.746 4.746 4.746 4.746 4.746 4.746 4.746 7.615027 7.746 7.746 7.746 5.291183 8.060134 8.768239 4.746 4.746 4.746 4.746 4.745999 4.746 4.746346 5.037526 6.961729 7.843726 7.148474 5.965833 5.018864 6.674164 6.60905 7.686238 10.48093 11.74391 9.925203 7.562107 5.12955 6.620276 7.979927 6.402427 9.05689 14.30553 16.48514 15.78471 15.65103 16.972 18.98187 21.93446 22.32438 18.29239 14.06077 13.20575 13.12647 11.95026 9.810122 6.044432 5.746259 6.501521 6.443622 7.70892 9.119783 11.72124 10.38156 5.395669 5.717871 7.231717 18.10116 18.24638 16.73317 13.15261
4.802487 4.699882 5.372845 6.180118 4.746 4.746 4.746 5.326172 6.88036 7.746 7.031425 5.983683 6.829412 9.019132 4.746 4.746 4.746 6.811632 4.785913 4.746 4.464821 9.85535 7.671741 4.746 4.746 4.745999 4.746 5.738749 5.746 6.251177 9.333732 10.75082 8.495091 3.122193 4.183079 8.902433 11.02899 7.695089 9.483148 14.63523 15.746 15.746 16.83405 18.26036 20.24555 21.94659 17.23092 14.46621 15.17532 13.02635 14.71801 14.17035 9.794742 4.168906 4.676548 6.873428 6.331796 4.589322 7.596999 5.965062 6.395725 8.514818 5.769258 12.99642 18.2125 16.39015 15.39123 15.1326
4.506655 4.024329 5.468293 7.491044 5.81798 6.618678 6.982222 7.06253 4.839256 4.879484 4.827372 5.318446 6.869418 9.746 6.108487 4.673564 7.353699 8.591495 4.746 4.746 6.96078 9.721794 4.745999 4.746 4.746 4.746 4.746 4.753292 5.697449 6.74658 8.754348 10.7693 11.09372 7.05542 6.488523 8.66894 6.444036 5.433642 12.69563 14.5626 14.746 15.62982 17.17225 19.72693 22.59475 21.90835 10.29338 7.755893 13.7983 10.89512 12.91059 13.38926 9.24833 3.036266 4.734167 7.146757 6.338348 3.74228 8.075942 8.849081 11.42582 13.55863 11.22132 13.25959 15.47201 12.20727 13.17634 14.65291
1.247393 3.185461 3.963444 7.659903 8.724307 9.44847 10.418 9.683627 5.238882 4.158328 5.584166 6.108315 7.002988 9.170571 6.838004 4.797452 10.01393 9.460089 4.746 4.746 8.316159 10.73572 9.666894 4.746 4.745999 4.746 4.746 4.74797 4.94594 9.423415 9.283019 9.82515 11.39575 5.244455 7.929648 7.092055 5.729388 7.92729 11.72048 13.19778 14.7407 15.95205 16.93845 20.56225 18.3529 14.50725 9.11831 5.482752 6.22008 7.436985 11.00673 9.106629 5.282163 2.81734 4.944232 8.967987 9.456854 9.237638 12.05611 13.42632 15.86378 16.55842 16.26511 14.38863 10.72672 6.705664 10.41934 8.924444
3.884287 4.662592 4.814749 6.777082 8.80838 9.719097 9.470815 9.651524 6.955254 5.975299 9.372401 7.672305 6.31101 4.746 4.746 5.549718 10.54826 9.024826 4.746 4.651043 9.060603 10.45369 10.19593 7.626679 5.000552 4.746 4.745999 4.745999 4.517053 10.1724 9.368855 7.647054 8.250068 2.494665 6.85065 4.824531 5.282308 9.923051 11.5262 11.56529 13.24283 17.52525 17.04435 17.43895 13.98316 11.47375 9.253596 5.034715 2.970857 4.131108 6.667496 5.483959 3.751219 1.887882 4.610682 8.47075 10.1381 11.96171 12.1903 14.5505 16.24764 16.27483 17.39517 13.82195 7.065087 5.752255 6.426678 4.810649
5.535483 4.147544 4.073079 5.540697 8.431817 7.732849 6.904048 8.609178 8.577896 7.111248 7.22878 6.449347 4.497901 4.746 4.746 4.746 6.211818 7.83027 4.746 5.073379 8.867661 7.857887 5.525773 5.226802 4.745999 4.745999 4.746 4.746 4.724631 7.560679 8.818102 6.967257 5.714683 3.835568 4.987076 3.167456 6.305716 9.719712 10.96798 10.2431 13.41786 19.55491 16.51833 13.37761 11.78023 12.1123 10.09584 6.241949 3.07227 2.909055 4.295772 5.311903 3.846965 1.746 4.242157 7.132457 9.204557 11.746 10.36201 12.92681 13.59954 15.21505 16.08948 12.56258 7.326516 9.127253 2.938481 6.728943
4.46439 1.959201 3.518312 4.826394 7.234015 5.926077 6.313255 8.256944 8.746 7.686299 6.496502 6.47597 5.460624 4.943896 4.746 4.746 4.746 4.746 4.746 5.8441 7.720098 5.508578 4.606845 4.738668 5.312397 4.746 4.746 4.746 6.192238 10.09212 8.327426 6.842594 8.108858 6.957928 7.914608 6.311695 10.31018 9.642594 9.767382 14.12352 18.14666 18.03699 14.49513 13.72776 13.74571 13.32229 11.40259 8.979514 5.513627 5.309682 8.247755 8.954184 4.908493 1.85371 3.929155 6.996375 8.908484 11.27741 9.83849 13.48002 12.90876 13.33757 16.26217 13.20153 8.48737 10.59298 6.835622 6.765297
2.101081 1.344472 4.77902 4.664394 3.859483 3.671191 8.777849 10.34309 9.746 8.916981 8.959765 8.541261 7.76705 7.87188 4.746 5.089164 4.746 4.746 4.777367 7.327096 7.15742 4.771644 4.746 6.029864 8.5649 10.13326 5.155509 4.753996 7.25752 12.28809 7.373531 6.456068 9.858736 8.535011 8.660245 7.438495 11.05206 9.521336 9.273469 15.10344 18.61735 16.03926 13.01146 13.7415 13.74067 12.82207 10.65406 9.091085 7.998741 9.096479 12.62033 12.75643 8.435602 3.518274 3.296387 6.191879 8.686552 10.2065 10.90474 12.30454 11.86204 12.06081 13.78344 10.25424 7.316242 9.17227 5.846843 3.590043
1.683476 1.732976 3.178061 3.015047 3.602679 5.702998 8.770976 8.685307 9.80834 7.886137 7.776278 8.759891 8.316322 5.335734 7.765805 7.496582 4.746 4.746 5.23838 6.411042 8.24858 4.761047 4.873746 8.309435 10.1318 9.825914 6.755211 5.204306 5.977638 11.37519 7.138721 5.049746 9.066425 7.159386 4.842821 6.044746 9.025615 8.771808 9.775811 12.92565 13.91452 13.76904 14.17571 12.7588 12.58358 10.9452 8.813844 7.990897 9.380902 13.15166 14.78119 14.75993 12.43345 6.973165 3.536779 4.620598 8.488931 9.923792 10.69324 11.22097 11.39539 9.740193 7.920926 3.877446 3.985151 5.246423 4.754605 3.524621
1.165606 1.286053 0.8051608 1.803761 3.486686 7.988361 9.67871 7.804646 9.173354 7.140656 7.337159 8.57243 7.254417 4.775046 8.3764 6.219891 4.746 4.746 7.795147 8.517785 7.856355 5.422394 6.163806 7.627326 7.773722 6.059218 4.767117 4.406092 5.937767 8.999205 7.934953 7.563575 8.26993 7.417125 5.00906 4.746 8.043138 9.688809 10.54375 11.69264 13.96749 14.72884 13.63547 12.73454 11.68284 8.850737 8.290249 8.809752 10.82437 14.25351 14.46846 15.2993 15.72823 12.04296 4.582338 2.136977 7.568211 9.742816 8.995475 10.44371 9.544918 6.656926 -0.1078086 0 1.238866 2.458163 5.44264 3.385863
0 0 0 0.132915 3.448273 9.832958 10.74502 9.158593 7.139693 6.298332 7.812685 8.260986 5.767278 4.790356 6.988952 4.745999 4.746 8.419643 10.81829 9.753811 5.527217 5.36016 6.963458 6.359844 5.157774 3.140157 4.41846 4.881083 7.347607 7.824171 7.730394 9.74494 9.950365 9.788197 5.780036 2.686119 5.519271 8.239927 9.871551 10.72732 12.95843 13.20433 11.13611 9.293496 8.713841 8.750881 9.711762 11.18326 14.09655 14.83377 13.09512 13.70491 14.25372 11.18888 4.860856 1.076643 4.206535 7.164564 10.38848 8.470651 6.226844 3.940347 0 0 0.1115479 0.491813 4.498401 3.782714
0.07553128 0.7912131 1.321742 0.01536249 1.355907 8.168405 11.23522 8.801471 5.042223 7.192783 9.66172 8.38153 5.656743 6.281497 4.815982 4.746 6.393433 13.11341 11.86495 7.338946 3.57962 2.747535 5.746 4.751844 3.842305 4.075591 8.277791 8.515034 8.950294 8.140985 4.500335 8.779883 11.46732 12.43092 5.822226 0.7152213 2.566083 6.885774 8.751538 10.75733 13.0309 12.16611 10.06084 6.790107 6.591928 10.19683 12.68511 14.55528 16.08283 14.74455 12.62847 12.82521 12.746 9.865709 6.072295 2.777951 1.584518 3.912956 9.169336 8.126832 4.139107 0 0 0 0 0.007215954 1.838498 2.338077
0.7460999 1.167886 3.150606 0 0.8889084 5.537122 9.785542 8.343411 5.428357 7.1681 7.605571 7.777806 6.461229 5.833948 4.776134 4.257803 6.202967 9.008383 8.317053 4.694491 3.748307 5.235211 6.753549 5.131705 6.071227 6.415994 9.588958 9.335748 9.747184 8.606442 5.61321 6.586383 2.876495 2.44171 4.930485 3.007559 2.7292 2.031095 7.704279 10.95829 13.96984 13.54927 9.798422 5.907965 7.786978 11.22409 14.25728 17.39846 17.00618 14.75226 14.7198 14.67016 12.50735 11.12267 8.955333 7.452999 2.225159 1.438948 5.691493 2.948322 -0.001282932 0 0 0 0 0 0.02355315 0.2652624
0.7394621 0.744049 1.220716 0 1.560439 2.644512 6.247238 6.892126 7.423188 6.746 4.696768 6.266124 6.235217 4.752755 3.136723 4.702789 4.532485 4.50247 3.984818 3.83101 4.723061 6.36897 6.225875 5.73742 6.721958 7.343229 9.999413 9.650912 8.611418 2.320865 1.746 1.746 1.746 1.746 1.746 1.746 1.746 1.746 4.09691 10.39119 13.42487 13.0574 9.326817 4.888474 7.075459 11.55201 15.03764 16.77131 15.51589 13.56582 14.65911 13.86244 11.99354 12.13889 12.83529 13.21237 8.793858 0.6617555 2.733281 -0.005464184 0 0 0 0 0 0 0 0.007656252
0.6827515 0.7034412 0.1082707 0 2.125672 2.772863 3.459828 3.703727 7.469059 7.521633 4.760375 4.762721 3.345558 0.9969826 0.7184374 5.079875 5.914639 3.746 4.746 4.857849 4.746 3.294102 4.301181 4.746 5.641964 6.492516 9.794494 7.667351 6.370891 1.746 1.746 1.746 1.746 1.746 1.746 1.746 1.746 1.755864 2.853518 9.945755 11.7254 12.25239 7.282332 2.718798 4.320328 9.502146 15.08606 15.746 13.93163 13.9417 14.12812 14.01779 14.18254 14.43677 14.2722 14.59178 12.19991 0.6271597 0.3344283 0 0 0 0 0 0 0 0 8.162441e-005
1.991044 2.070654 0.2512979 0 0 1.499148 3.481364 4.420419 6.569309 7.715864 5.839006 4.672966 1.479481 0 2.942156 5.743975 6.483144 5.21138 4.759022 4.746 4.746 4.497504 4.886632 6.659317 7.295934 7.789036 8.752207 7.563558 1.845101 1.746 1.746 1.746 1.746 1.746 1.746 1.746 1.746 1.746 3.130873 8.733391 11.56355 9.861784 4.002286 1.873847 3.595185 5.702742 13.14404 15.746 15.07472 15.69562 14.4696 14.64772 15.64126 16.41721 14.65444 12.87088 12.33093 0.8735331 -5.37119e-006 0 0 0 0 0 0 0 0 6.896506e-007
3.984259 4.248002 0.7410237 0 0 0 3.588504 4.724983 6.734104 6.748602 6.125878 0.1059906 0.0008966923 0 4.270618 6.468041 6.746 7.218423 5.820848 4.971281 4.540773 4.116912 5.312253 6.430795 7.195345 7.10353 7.372362 7.173182 1.801818 1.746 1.746 1.746 1.746 1.746 1.746 1.746 1.746 1.746 1.746 5.388466 12.40389 7.157438 1.917206 2.57866 6.120782 7.282626 10.71979 15.5636 15.746 13.84643 12.1364 13.59033 13.84701 15.37321 14.5643 11.39965 10.4671 2.056607 -3.076015e-006 -1.621338e-006 0 0 0 0 0 0 1.429676e-007 1.235676e-006
