examples/CapeCod/ArcData/elevation-90.txt
ncols         267
nrows         334
xllcorner     267109.51967155
yllcorner     807366.90385101
cellsize      90
NODATA_value  -9999
[rows 93 to 123 of 334, columns 68 to 135 of 267]
-0.01455651 0 0 9.834926 15.6806 16.52368 17.26023 12.46987 6.70878 8.293948 8.835864 10.52093 10.73141 10.65633 12.23893 16.742 12.33803 16.9472 15.06691 12.99635 15.13085 16.39017 19.67348 19.19572 19.51047 22.15149 20.15594 20.22614 21.4256 21.30189 18.10838 21.16846 24.42451 28.65234 28.42198 26.98481 32.12735 43.09456 52.88873 59.88214 63.46639 64.76088 65.8516 68.55325 71.74111 73.75081 75.61081 73.93822 87.62017 85.94398 88.29641 86.69867 80.76419 72.11053 68.76379 67.42909 68.70362 69.00232 70.75313 63.41103 49.31614 36.30549 29.21265 21.94307 34.88732 46.13149 53.96736 54.742
0.0009789908 0 0 10.61132 19.69364 19.83736 18.79533 13.8877 10.01987 9.5983 9.380356 8.782244 10.19606 10.1651 8.79489 16.40134 14.60775 10.31272 15.7479 16.84837 19.21982 16.78705 18.66208 22.94044 23.18088 20.97186 19.72613 17.64004 15.07829 18.35532 20.93378 26.99286 28.19346 29.34689 29.64006 28.50871 33.74965 42.55017 53.33196 60.92878 63.08877 63.15974 67.63767 70.85684 73.82078 77.39998 76.58858 74.52431 84.61422 84.43865 83.06908 81.64423 79.61937 75.70807 72.82922 69.86329 68.33058 74.12062 68.21899 60.44761 50.73792 43.08612 36.17262 31.58749 28.48591 39.95831 50.48442 54.76477
0.002009218 0 0.005880186 12.01159 17.02785 16.49449 16.24214 11.23244 9.513727 8.688413 8.744822 8.561363 7.484812 9.772603 10.39885 14.68545 15.9731 9.843614 17.3309 18.20458 20.17971 11.91386 17.24734 24.18172 22.51553 22.43831 20.37726 15.82725 19.16921 19.75651 25.35213 29.61723 29.83932 28.63872 29.5484 28.91907 31.97976 38.22392 51.34933 61.24209 65.5901 64.87334 66.83518 71.22573 73.47337 74.86058 77.7431 74.3119 82.68716 83.13217 81.86278 79.2017 77.19538 75.04867 73.67428 68.94357 69.37332 75.89706 67.02604 60.01591 53.20002 49.60812 45.36043 36.43898 25.9952 32.21167 40.71739 51.05457
0.002174154 0.1171622 0 10.98333 15.84541 14.50338 14.61269 10.16167 6.819992 6.742 7.734199 7.414742 5.885661 9.711465 12.14773 14.8435 15.6935 12.26628 17.2501 18.0388 16.295 10.43026 17.89009 21.86609 20.71983 19.42859 17.94967 17.60114 25.14654 23.88023 27.47709 29.52485 29.83645 28.73883 28.41877 28.51084 33.38328 36.67167 48.31535 57.17868 64.76025 65.68813 66.89046 69.93225 71.8441 74.10014 78.45884 73.96786 79.70811 81.67241 80.41512 77.61532 76.0489 75.28432 73.30339 68.64897 69.3921 72.21717 63.17715 59.54199 54.17886 52.67026 51.3749 42.09865 29.87296 28.51813 32.12801 44.02257
0.002296952 0.1081395 0.02698435 7.245201 15.29641 12.86119 12.73491 8.812609 6.7862 7.82016 8.207385 6.742001 8.020649 11.181 13.08636 17.90566 16.72416 14.83804 16.3931 16.93074 11.48065 12.52348 19.52979 17.06537 18.23872 13.75636 13.23509 22.55673 28.07136 28.09401 27.80407 29.00557 29.7405 28.75473 27.21328 28.6333 35.63139 39.06381 46.43269 52.415 60.30726 64.98505 67.63566 68.9781 70.53387 76.41606 80.49961 75.73286 76.4528 79.26123 78.76159 76.80753 75.70673 74.04286 72.38619 69.28139 70.25391 65.89813 60.41008 57.33097 54.16671 51.70916 52.66418 49.48478 36.63222 31.40534 30.37775 34.99805
-5.090825e-005 0 0 3.907669 9.848343 9.294045 8.821019 4.804502 8.377098 15.78915 12.08437 7.41132 10.74122 11.63785 16.46774 19.71758 19.86826 17.74268 17.74007 15.45917 11.74756 12.59683 14.09434 11.75321 13.17453 15.59391 21.03274 25.39275 27.56724 30.75206 27.32804 27.80886 27.94358 27.742 27.62377 28.73864 34.33503 39.02116 48.74694 54.7578 58.21681 62.21698 69.35455 66.4159 65.729 73.39669 79.436 80.75273 72.86805 74.98729 79.11556 77.40976 72.3431 68.99909 68.20918 68.26822 72.14993 63.63391 61.37534 57.87114 56.12866 49.42173 52.21318 53.60905 43.83657 34.92733 31.76397 35.59098
0.005161686 0 0 2.660064 8.433409 6.185747 5.405866 7.444596 16.37708 19.59063 13.69716 9.714453 10.83725 11.42788 15.11695 18.28607 19.5659 19.65142 19.49547 18.36996 15.45151 12.60123 13.41299 11.95592 17.05524 19.6796 24.94173 23.15686 25.47412 31.82288 29.84981 28.83285 28.01827 27.91479 25.01603 28.27267 33.87756 42.37286 50.66671 52.49931 54.34293 61.90354 69.35723 65.69764 63.01812 67.10834 76.22268 81.73453 71.96178 70.3817 75.30021 74.27431 69.36147 66.73728 71.33123 72.49615 72.0463 61.02116 59.71881 56.84202 55.38879 50.64059 52.82938 55.39881 50.07291 43.06627 35.38314 35.58821
0.0191484 0 0 0.8214892 4.423082 3.925405 5.462819 9.0884 18.96569 16.82472 12.82787 11.84755 9.098952 9.679462 11.88089 15.51611 16.6306 16.78637 19.14111 19.16584 14.08885 11.91229 13.76686 15.05097 21.57308 23.93403 26.73346 23.53955 25.41386 31.11591 29.43638 28.29416 28.47317 26.87929 22.07759 26.05004 30.80064 41.41577 47.40036 45.43621 47.91176 58.52732 65.20861 62.42325 60.5266 62.46819 71.90997 77.69331 71.08192 67.83837 69.98515 72.24477 68.1698 68.11898 76.52422 76.77374 69.18967 57.87858 57.41317 55.70889 54.925 52.97402 53.73246 55.18662 52.14724 50.13187 38.13158 35.00111
0.03637338 0 0.05832695 1.619567 1.520451 3.116513 7.070426 6.657811 13.02765 11.44288 10.28344 11.08418 9.543653 8.976945 11.21535 15.58595 14.95138 10.59702 17.06057 14.64728 8.431785 10.59749 13.50409 16.64744 23.14782 25.48105 26.19332 26.69846 26.742 28.30766 25.82866 26.22274 26.53738 24.08145 20.94796 24.07272 24.69867 33.60047 39.04169 38.78645 40.86722 49.99109 57.08327 54.80109 56.02841 62.80515 67.92059 69.37175 67.74218 66.50671 67.04586 72.70044 67.61694 69.36599 77.86314 75.60152 63.79919 56.60571 54.742 54.74052 56.85407 53.03334 53.3247 53.24497 49.01246 51.2632 39.47179 33.84192
0.08356042 0.02505045 1.921618 0.007799417 1.019065 2.427824 1.179981 9.01709 7.349792 7.839937 9.832636 7.860842 10.266 11.3048 15.87231 16.58276 10.46413 9.691289 13.61368 8.843119 12.44148 16.42917 20.77453 21.14526 22.61259 25.742 24.76325 25.54909 24.7528 24.49317 24.73266 24.74719 26.03687 23.97458 21.73919 24.99527 24.48445 24.85015 30.39441 33.07705 36.08 45.37684 51.05024 51.65487 50.55269 55.7345 60.36834 69.7742 69.29886 66.32743 65.01646 69.5322 65.34902 67.26545 72.58487 73.61274 60.56663 56.97798 55.69751 55.50541 51.07301 45.11874 48.88724 53.15151 50.59351 48.04523 44.75113 45.22662
0.1058908 0.443384 3.641668 0.7503989 0.1394256 1.329218 1.49812 4.85591 1.500348 4.324339 7.258379 9.105304 10.41735 12.84941 18.18431 15.13096 10.69848 11.03081 10.06875 7.547781 13.78623 20.81252 25.02336 24.1404 23.03159 24.91722 24.77456 25.73004 25.07694 23.742 23.76508 23.79208 24.66188 24.26694 22.83142 26.45169 26.90187 25.3848 28.14504 32.21375 37.73079 43.4858 46.76564 47.39303 49.59329 53.9203 57.48959 66.92592 66.69926 64.49147 64.50987 68.07597 65.63659 66.93298 69.39025 72.16337 58.30131 55.60981 54.30704 54.2291 49.81415 45.56482 49.04769 53.25876 52.999 49.67985 48.91698 50.46097
0.4866904 1.343817 4.456316 0.3713604 0.3487574 1.753268 1.492688 0.01256271 0 0 0 8.816689 10.34398 12.14363 16.31028 11.21503 11.32956 10.55927 8.415524 10.04915 15.98464 22.50322 25.48841 25.17419 24.47919 23.96382 25.4548 26.74958 25.74277 25.24026 23.742 23.742 23.40889 24.71639 22.92309 27.15801 29.79075 30.76041 30.41043 33.88364 41.72577 43.28614 43.87844 44.29978 48.48255 54.1421 56.42958 62.66809 63.25147 61.46749 63.2418 68.31153 67.87749 67.45394 67.46557 68.62077 56.63362 53.67578 52.61757 52.2765 50.91408 49.77235 52.07999 53.2161 54.72646 53.20965 51.6108 51.08831
0.1234108 0.4545524 3.367983 0.3354404 0.1238396 0.1456674 0.1465835 0 0 0 0 2.369843 6.939453 8.821589 10.9216 8.041707 6.945876 8.394898 12.51749 17.3292 22.31841 22.09165 23.63885 25.71846 25.41507 22.7805 26.12373 27.724 26.70155 25.14337 24.742 23.80771 23.75201 24.60941 22.87176 27.27013 30.56761 32.04152 30.6081 37.42401 41.742 41.73311 44.16249 42.69816 45.81026 51.28513 54.35345 60.22312 62.28003 58.96328 60.27824 66.96572 67.76665 64.33012 63.32375 61.62091 53.30484 52.23519 53.6367 51.53122 50.51442 49.74254 50.35849 52.06447 53.58563 53.24863 52.72442 52.41763
0.1397611 0.8625225 0.5892791 0 0 0 0 0 0 0 0.1596589 0 3.861194 4.157399 4.426027 9.562345 11.52192 14.84296 17.67735 20.83373 21.81664 20.29933 21.93769 25.81017 24.64646 23.42471 25.78374 26.71288 25.73755 24.33142 22.92239 22.5703 23.48978 21.54981 21.33745 23.96876 26.11926 27.96374 29.93637 35.62707 41.74608 41.75457 43.91261 44.5411 44.80426 48.91423 52.67963 55.36295 57.07981 56.88387 56.88876 60.72272 61.78645 61.88504 58.50801 53.46379 48.58076 47.96607 47.45234 44.85572 46.41315 46.69075 48.33157 49.71717 52.13098 52.85653 51.9096 51.0043
0.1597511 0.6694786 0.02538298 0 0 0 0 0 0 0.1878105 1.750759 0.2318965 3.266365 4.173244 6.018455 13.61111 17.03574 19.68791 19.73569 21.62351 20.14534 19.17554 20.31894 24.53074 24.5584 25.15257 25.9283 26.60371 25.46041 24.3946 21.08978 21.09463 21.85351 18.97398 19.56164 22.24408 24.82843 27.5635 32.32863 35.4441 39.97408 41.87345 44.5283 45.74357 45.61348 49.78984 51.82434 52.12329 52.95442 53.52848 52.92266 54.60485 54.59361 56.03463 49.98272 47.39405 46.65516 39.88596 37.252 38.48201 42.07058 45.49213 48.2532 48.54585 49.57773 50.76133 49.28663 47.90258
0.1773847 0 0 0 0 3.753161 2.460929 2.782234 4.281651 3.592861 4.732244 4.025294 4.660283 7.384171 13.2998 17.49441 19.9816 19.74415 18.81598 19.56966 18.21795 18.06056 18.63006 19.27696 23.88729 25.89947 27.1999 26.58867 26.63806 23.80346 19.61796 20.15594 19.09416 18.742 18.72474 22.89606 27.07656 31.36051 38.59361 37.86001 37.98567 42.03291 46.67205 46.75962 47.771 52.63764 52.90625 51.99411 51.84713 50.43759 49.80613 51.61319 50.5635 48.74391 41.39937 45.30684 48.26241 30.24819 25.89558 34.71485 40.26015 47.94338 49.93627 48.7743 47.84475 47.95713 45.34917 42.88878
0.1878051 0 1.31023 3.236658 0.001269386 1.294145 1.225062 2.374477 7.180269 6.120548 9.430932 9.586511 11.82552 13.24169 17.78452 17.96261 18.72675 17.3653 15.19401 15.83648 16.13722 17.96321 18.15017 11.95437 24.30134 26.62733 27.35256 23.58976 26.1618 20.1377 17.22086 18.32012 17.96308 19.44447 18.90444 22.4887 29.71095 34.96933 41.7715 43.25618 40.84113 43.85452 45.2546 47.8179 48.87125 52.91576 55.28516 53.3283 51.81305 49.08948 47.98585 52.43055 49.56644 44.0312 43.4894 48.3495 48.76982 26.40609 21.20939 32.90899 44.63453 49.34484 48.1133 47.64382 49.14976 48.64115 45.24254 39.91157
2.300101 1.231278 2.661989 4.234027 1.000395 0.4644754 1.318794 3.485656 7.284804 8.645459 13.80966 14.60756 15.1969 15.39983 16.03082 18.03819 18.6407 15.7415 14.742 14.93319 17.16649 20.26188 16.99839 12.14577 19.30109 24.464 23.49378 18.99171 21.42578 17.94107 18.15127 18.82921 18.4933 20.56169 21.49927 22.22706 28.25099 35.8842 43.78286 44.21305 41.70706 46.20643 47.4889 51.38173 48.60732 53.32094 54.76704 53.67967 52.22583 49.94677 47.44492 48.51142 49.1594 48.40998 49.45065 50.42752 49.49665 32.88374 26.66867 36.85679 47.36537 47.89579 46.02804 46.67804 48.61169 48.18793 45.97432 41.08838
4.419331 2.452894 1.454733 2.034668 2.622611 1.696161 1.729435 3.402569 5.765326 10.06311 15.77891 16.88278 16.74512 16.73512 15.66566 16.89524 18.71297 16.62576 15.742 14.66023 18.40964 23.10773 17.08654 10.91966 10.742 20.90301 18.50999 16.08618 17.48168 16.72373 20.0339 19.38102 20.0495 22.74727 24.13761 23.95186 29.44038 36.22604 44.0229 45.08395 44.2551 47.17584 49.55368 53.14941 49.86485 51.73094 53.22366 53.22774 53.93395 51.33519 45.88753 44.79948 49.51795 54.64392 53.9509 50.00964 48.71805 39.99682 35.53096 41.48782 47.44321 44.10928 41.90624 45.33016 47.58224 47.95125 46.57747 42.80104
6.284748 4.782918 2.071251 1.884982 3.156362 1.954765 1.040555 1.531818 5.252769 11.17529 15.0261 16.63602 16.3039 16.26515 15.72699 15.07492 19.04555 18.4259 16.52491 15.01791 18.35703 22.61863 12.11077 10.742 10.73862 16.45122 15.68723 16.28695 15.81632 15.47708 20.27243 19.09569 21.58176 25.8573 27.01784 27.46091 33.65451 36.60867 43.527 47.24248 47.94807 47.11362 48.74553 52.55934 55.64817 51.44624 52.4334 53.36788 56.17229 52.74884 44.83635 44.19678 50.54105 56.47049 53.86768 44.96159 46.43613 43.41623 43.89635 43.60672 44.88174 39.90206 38.29419 43.67591 47.42348 47.38836 45.3542 42.75192
8.587352 7.39473 4.445224 3.531612 4.534418 1.771316 0.7874549 3.43082 6.570655 11.51842 14.24751 12.79524 15.08629 14.28391 18.17543 17.28709 18.73684 18.72211 19.04888 18.21898 19.99273 18.71294 10.742 10.74753 11.30912 15.81377 17.39108 17.86916 18.12963 17.02238 20.21599 19.66902 21.07171 26.82129 28.22272 32.62585 34.84423 37.65643 42.8439 46.62805 49.37217 47.75248 47.79736 51.39983 56.10009 55.65157 57.9106 59.9449 57.95021 54.55232 47.85386 48.59692 49.82951 50.55968 49.28944 39.45549 41.51113 42.82327 43.31564 41.00759 40.04031 40.50547 41.5444 44.37281 46.54139 46.77584 43.8586 40.86999
8.567104 7.424842 3.973163 2.249511 3.863973 3.448011 4.146754 4.95155 6.892066 10.11166 11.13729 11.56031 15.68248 16.06323 18.93019 18.91587 17.99839 17.86013 18.95576 18.72794 17.72931 14.69417 10.742 10.742 11.11245 14.39654 17.95825 18.73763 18.77083 19.52671 19.72831 19.02656 18.84241 22.68342 26.76313 32.19989 33.18381 33.59772 39.56424 46.82676 50.56068 47.50221 46.86054 51.64291 56.9094 57.80784 62.02982 64.51882 57.2644 56.46716 50.7971 52.74848 51.35548 48.44199 52.60227 41.53387 40.48463 39.86496 42.29942 41.14711 40.23916 39.34587 43.37919 45.32925 45.44602 45.05513 43.27096 41.19327
6.800738 5.741729 2.0606 1.899544 3.521719 5.929525 7.955981 6.840434 6.745481 7.643317 11.04142 13.17068 16.51682 18.27801 19.74984 20.60527 18.07965 17.742 18.82072 18.25384 13.48368 10.75067 10.46959 10.742 10.742 13.2541 18.55935 19.79136 18.62303 20.64483 18.93019 15.64222 15.22313 21.16469 27.86432 32.23693 35.74697 33.03094 37.22905 46.63588 50.71647 48.89011 46.30299 51.11708 55.3373 58.37467 63.29757 64.20398 54.46585 55.94391 52.67161 55.0423 52.1404 50.9137 57.89507 45.89005 42.75782 39.23018 42.08226 44.08368 44.13853 38.62134 44.70949 45.55085 44.742 44.16981 44.0925 44.26349
5.103734 2.661816 1.370714 5.676092 7.733307 7.620186 8.905354 10.93257 8.968362 6.932774 14.81893 17.03038 15.79326 18.73492 20.01705 20.91035 18.05623 17.95797 19.22068 17.27533 10.78805 10.32216 10.742 10.742 10.742 15.56132 19.96957 20.52332 19.8915 18.97322 14.8226 13.742 14.85698 23.96396 34.82108 39.49862 45.21163 43.01694 40.67982 45.60825 51.58256 54.44268 48.80374 50.04668 53.49949 60.82441 63.8838 61.70182 54.14161 54.73093 54.77207 57.87133 52.23542 58.03766 55.80189 46.67548 43.83718 44.63094 43.12352 45.42436 45.53553 41.49489 44.75249 45.16154 45.15251 45.70561 47.77644 48.35506
2.943639 0.8069656 2.402727 5.120813 8.374582 9.730971 10.79965 13.61075 14.43129 13.9547 15.5519 16.02284 14.29938 17.26152 18.77394 17.86353 16.67731 16.19429 17.08201 16.10722 11.41194 10.742 10.742 10.742 10.742 19.55759 18.72174 17.83053 18.75522 18.68316 13.80967 13.74195 14.05558 27.18204 38.94284 46.92139 51.15256 47.71137 47.41957 51.18953 52.03944 54.32708 53.0313 54.83904 55.86372 61.30778 62.22192 61.19202 59.51622 59.73809 58.0109 60.20163 58.01916 60.56147 54.81694 47.40934 44.98135 47.49504 46.13438 44.25666 42.96972 41.0845 44.19596 46.63558 46.64492 48.90346 48.46462 47.86433
1.075804 1.770287 5.483791 7.199969 8.702517 10.73967 10.74497 13.73567 15.18033 15.74096 13.60076 14.32804 10.13862 12.20043 14.65429 15.3676 16.63251 18.01673 18.76086 17.94847 13.77172 12.32878 10.742 10.742 12.91202 18.95195 16.83648 16.14335 16.71074 19.03207 16.08813 13.81441 17.51803 28.3505 36.98386 47.71739 52.81654 49.45636 49.6167 53.88006 52.30611 55.46983 57.67451 60.92301 59.61519 59.76256 60.87574 61.23032 62.36985 62.69701 60.65829 60.04022 59.72754 58.0056 52.27215 47.08165 46.85219 48.73146 48.62155 44.77553 39.51279 40.24608 41.49526 44.98496 46.99683 48.9344 47.85416 46.73198
1.229503 2.564969 7.251928 9.79727 9.562933 10.18654 8.83088 11.36657 11.35284 12.2934 10.134 12.4633 6.452244 7.302067 10.71668 13.94683 18.15131 21.32671 22.86204 22.27957 16.02279 12.84544 11.12934 15.95092 15.81524 15.1305 15.7387 15.19028 13.93399 18.2821 17.50288 13.606 20.26593 28.40025 34.63918 44.41026 50.66446 50.56874 49.91244 51.79339 51.74353 57.82097 60.74141 63.36886 59.97345 56.22324 59.53411 61.54134 61.76541 59.97653 58.77567 55.71988 58.64944 53.76438 46.79348 45.8009 46.82746 46.40312 46.14665 43.07041 35.11512 39.32359 38.82257 42.60809 45.55055 48.7599 47.49691 46.07763
2.684915 1.657869 5.730396 8.688522 10.57774 9.790683 7.894079 8.5954 8.165485 6.007925 5.123343 11.92001 6.01611 6.852002 11.956 14.26697 19.68368 20.46625 21.53357 21.82811 18.38794 20.57966 19.51136 18.70995 14.96859 13.8092 14.73241 13.88642 13.86701 13.742 13.742 13.83377 19.1564 28.11374 37.72698 43.52998 47.12619 49.76458 51.04855 52.73583 54.42856 56.55983 57.92543 54.72626 55.24463 53.43321 53.48808 60.98598 62.06648 51.65737 48.54071 48.23217 62.52675 54.51208 44.62019 45.58888 44.71398 40.0393 39.16447 34.59435 29.68455 36.9599 38.33767 43.62383 46.83464 49.74078 46.2375 46.43286
2.665463 2.765755 4.679538 6.327868 10.10739 12.25703 10.63239 9.37594 7.493315 6.471338 7.38393 11.66413 8.686655 9.332389 11.29815 14.38956 23.67396 20.7302 16.32332 19.79167 22.77387 23.5559 20.72701 16.44138 16.79679 15.60024 15.80368 15.12649 16.30443 13.7449 13.742 19.98669 25.53624 32.4458 40.95993 43.71128 47.22184 51.58979 50.82981 51.75525 52.92042 53.54754 54.28655 51.62453 53.77896 56.5838 53.62286 54.58032 53.01007 48.34305 48.18174 53.80803 62.06218 49.41727 43.7919 44.28495 41.76021 38.80111 37.92517 34.929 34.60936 41.00785 42.28383 45.47082 47.43286 49.71397 45.60424 45.58647
2.652547 2.742 3.706875 5.503204 10.17572 13.68086 13.01914 10.96664 7.308358 6.429443 10.67715 11.7216 9.35594 8.674341 9.126198 13.68049 22.99198 17.3354 10.70196 17.71571 24.4909 22.5831 19.2313 15.17965 18.22388 17.15998 16.52876 15.55682 17.5263 16.48763 19.31484 26.00731 33.36688 38.67428 44.89968 46.30213 48.45747 49.13347 50.1964 51.77871 52.47756 51.68599 50.73769 51.45717 53.95247 61.39646 57.55632 52.30286 48.74129 50.28843 53.42446 59.61574 60.58354 45.77045 42.38659 44.12014 42.67043 42.51391 41.52028 40.63373 43.49846 46.53149 46.60574 47.53394 47.66037 48.78253 46.73841 45.88956
2.647022 2.742 3.805951 6.314738 10.91366 14.17883 12.79962 12.48421 7.508208 5.16681 11.352 11.30407 6.999262 5.719704 9.046982 15.81047 18.03121 11.14012 8.706234 17.55085 20.78341 19.40531 17.71301 16.75653 18.34082 17.742 17.19882 15.30201 17.89631 20.62469 23.01956 28.98749 38.40154 42.87685 47.70226 50.29827 50.34403 45.13935 50.32066 55.13876 57.06474 50.70429 46.83782 49.81725 52.41301 61.88644 61.67561 55.86872 51.3724 55.23054 59.43716 58.62106 55.56935 43.76568 40.19687 44.33007 46.39357 44.92041 45.0279 44.33197 45.76647 45.742 45.742 46.17945 46.742 46.742 46.75377 45.93055
