capecod/ArcData/bedrock-90.txt
ncols         493
nrows         332
xllcorner     267461.75521767
yllcorner     807168.56661851
cellsize      90
NODATA_value  -9999
[rows 108 to 134 of 332, columns 310 to 371 of 493]
-76.1745 -76.15295 -76.12608 -76.08244 -76.0548 -76.04839 -76.05145 -76.05405 -76.05477 -76.06233 -76.07893 -76.10686 -76.12487 -76.14689 -76.16026 -76.18098 -76.19997 -76.27288 -76.3748 -76.4999 -76.54823 -76.57077 -76.61089 -76.67708 -76.7676 -76.88025 -77.01334 -77.16525 -77.33432 -77.51868 -77.71638 -77.92551 -78.14439 -78.37172 -78.60664 -78.84845 -79.09668 -79.35052 -79.60975 -79.78561 -80.05469 -80.33086 -80.61459 -80.90563 -81.20321 -81.50655 -81.81517 -82.12914 -82.4491 -82.77551 -83.10858 -83.44784 -83.792 -84.13911 -84.48724 -84.83463 -85.18094 -85.52613 -85.8702 -86.2131 -86.44049 -86.77776
-76.40243 -76.3821 -76.31586 -76.20119 -76.16927 -76.13995 -76.12572 -76.12778 -76.12994 -76.14935 -76.16861 -76.19995 -76.2 -76.20005 -76.22729 -76.24719 -76.31041 -76.40997 -76.51479 -76.67836 -76.75453 -76.78061 -76.81458 -76.87394 -76.95862 -77.06592 -77.19335 -77.33881 -77.50042 -77.67625 -77.86444 -78.06323 -78.2711 -78.48691 -78.71 -78.93981 -79.17591 -79.41787 -79.66561 -79.83429 -80.09338 -80.36066 -80.63668 -80.92097 -81.21235 -81.50989 -81.81335 -82.12303 -82.43945 -82.76321 -83.09422 -83.43165 -83.77392 -84.11901 -84.46501 -84.81043 -85.15484 -85.49813 -85.84068 -86.18274 -86.41015 -86.74817
-76.86525 -76.81515 -76.71886 -76.53418 -76.37596 -76.27493 -76.25472 -76.25034 -76.25038 -76.2542 -76.28437 -76.29913 -76.32359 -76.34411 -76.37061 -76.41389 -76.49214 -76.61223 -76.68967 -76.85014 -76.9543 -76.99226 -77.02705 -77.0835 -77.16373 -77.26564 -77.38694 -77.52547 -77.67924 -77.84635 -78.02496 -78.21349 -78.41058 -78.61517 -78.82667 -79.0446 -79.26884 -79.49911 -79.73563 -79.89728 -80.14655 -80.4051 -80.67355 -80.95116 -81.23653 -81.52851 -81.82706 -82.13271 -82.44611 -82.76774 -83.09721 -83.43317 -83.77377 -84.11701 -84.46106 -84.80455 -85.14717 -85.48885 -85.83007 -86.17162 -86.39911 -86.73738
-77.40466 -77.2925 -77.14362 -76.94395 -76.7619 -76.61558 -76.52596 -76.4882 -76.48374 -76.4952 -76.50771 -76.50987 -76.52835 -76.56061 -76.59277 -76.63092 -76.70013 -76.82621 -76.89428 -77.02989 -77.15106 -77.20455 -77.24429 -77.30111 -77.37905 -77.47669 -77.5922 -77.72381 -77.86966 -78.02803 -78.1972 -78.37566 -78.56216 -78.75573 -78.95585 -79.16228 -79.37493 -79.5938 -79.81948 -79.97429 -80.21408 -80.46429 -80.72543 -80.99658 -81.27608 -81.56278 -81.85674 -82.15874 -82.4696 -82.78972 -83.11821 -83.45318 -83.79245 -84.13409 -84.47635 -84.81802 -85.159 -85.49929 -85.83974 -86.1811 -86.40867 -86.74713
-77.94342 -77.76716 -77.58392 -77.38316 -77.21083 -77.06145 -76.9427 -76.867 -76.83433 -76.82449 -76.82141 -76.80798 -76.8062 -76.83172 -76.86472 -76.89748 -76.95492 -77.05322 -77.12264 -77.23079 -77.34895 -77.41628 -77.4653 -77.52568 -77.6032 -77.69756 -77.8078 -77.93264 -78.07066 -78.22044 -78.38024 -78.54879 -78.72488 -78.90781 -79.09694 -79.29222 -79.49371 -79.70164 -79.91685 -80.06522 -80.2961 -80.53841 -80.79254 -81.05738 -81.33128 -81.61305 -81.90277 -82.20161 -82.51042 -82.82962 -83.15775 -83.49228 -83.83077 -84.1712 -84.51186 -84.85188 -85.19149 -85.5308 -85.87089 -86.21244 -86.43997 -86.7784
-78.47594 -78.25863 -78.05438 -77.85881 -77.68823 -77.54516 -77.42645 -77.33379 -77.2683 -77.22236 -77.19157 -77.16445 -77.14264 -77.14819 -77.17509 -77.20603 -77.2483 -77.31459 -77.37661 -77.46273 -77.55991 -77.6336 -77.69307 -77.75866 -77.83653 -77.92799 -78.03306 -78.15119 -78.28146 -78.42262 -78.57325 -78.73211 -78.89814 -79.07067 -79.24924 -79.43386 -79.62469 -79.82227 -80.02772 -80.16994 -80.39255 -80.62753 -80.87506 -81.13389 -81.40247 -81.67965 -81.96566 -82.2617 -82.56911 -82.88809 -83.21643 -83.55112 -83.88947 -84.22915 -84.56865 -84.90734 -85.24589 -85.58454 -85.92461 -86.26624 -86.49379 -86.83256
-79.01698 -78.78219 -78.56022 -78.36244 -78.18975 -78.04277 -77.91847 -77.81582 -77.7325 -77.66065 -77.60326 -77.55913 -77.52161 -77.50426 -77.51459 -77.53757 -77.56692 -77.61185 -77.65501 -77.72617 -77.80042 -77.87005 -77.93468 -78.00319 -78.08031 -78.16824 -78.26778 -78.37909 -78.50157 -78.63419 -78.77571 -78.92506 -79.08131 -79.24377 -79.41216 -79.58662 -79.76754 -79.95553 -80.15202 -80.28867 -80.50362 -80.73186 -80.9732 -81.22637 -81.48999 -81.76303 -82.04571 -82.33953 -82.64613 -82.96553 -83.29475 -83.63039 -83.96929 -84.30881 -84.64757 -84.98531 -85.32327 -85.66171 -86.00179 -86.34357 -86.57118 -86.91093
-79.58268 -79.3333 -79.09975 -78.88901 -78.7075 -78.55177 -78.4185 -78.30173 -78.20284 -78.11652 -78.03957 -77.97989 -77.93104 -77.89496 -77.88337 -77.89161 -77.90958 -77.93786 -77.96406 -78.01572 -78.07337 -78.13348 -78.1954 -78.26192 -78.33579 -78.41879 -78.5121 -78.61611 -78.7306 -78.85472 -78.98727 -79.12727 -79.27388 -79.42666 -79.58544 -79.75043 -79.92213 -80.10143 -80.28986 -80.42149 -80.62952 -80.85151 -81.0872 -81.33514 -81.59429 -81.86345 -82.14314 -82.43532 -82.74192 -83.06238 -83.39322 -83.73058 -84.07087 -84.41083 -84.74945 -85.08694 -85.4248 -85.7634 -86.10356 -86.44559 -86.67352 -87.01498
-79.98072 -79.72105 -79.47712 -79.25675 -79.06403 -78.89902 -78.75668 -78.63207 -78.52228 -78.42747 -78.34122 -78.27022 -78.21434 -78.16983 -78.1449 -78.14089 -78.14983 -78.16762 -78.186 -78.22379 -78.27073 -78.3232 -78.3802 -78.44289 -78.51298 -78.5918 -78.68034 -78.77914 -78.88815 -79.00656 -79.13322 -79.26707 -79.40745 -79.55396 -79.70661 -79.86569 -80.03175 -80.20573 -80.38931 -80.51799 -80.72183 -80.93997 -81.1721 -81.41691 -81.67325 -81.93996 -82.21785 -82.50938 -82.81635 -83.13789 -83.47014 -83.80917 -84.15088 -84.49161 -84.83056 -85.16834 -85.50648 -85.84542 -86.18577 -86.52805 -86.75642 -87.09913
-80.61069 -80.33208 -80.073 -79.8354 -79.62364 -79.43918 -79.27868 -79.13841 -79.01334 -78.90402 -78.8068 -78.72121 -78.65175 -78.59577 -78.5547 -78.53256 -78.52554 -78.52921 -78.53699 -78.55716 -78.58754 -78.62647 -78.67302 -78.7272 -78.78941 -78.86032 -78.94069 -79.03112 -79.13165 -79.24146 -79.35925 -79.4841 -79.61536 -79.75285 -79.89687 -80.04778 -80.20612 -80.37297 -80.55013 -80.67476 -80.87296 -81.08586 -81.31303 -81.55347 -81.80594 -82.06922 -82.34478 -82.63586 -82.94398 -83.26772 -83.60271 -83.94504 -84.2897 -84.63234 -84.97263 -85.31165 -85.6509 -85.99082 -86.33165 -86.67459 -86.90376 -87.24779
-81.26936 -80.96996 -80.69411 -80.44022 -80.20949 -80.00373 -79.8227 -79.66329 -79.52204 -79.39612 -79.28563 -79.18758 -79.10397 -79.03503 -78.97949 -78.93994 -78.91669 -78.9056 -78.90357 -78.90904 -78.92397 -78.94876 -78.98277 -79.02583 -79.07791 -79.13919 -79.21035 -79.29185 -79.38358 -79.48466 -79.59364 -79.70969 -79.83221 -79.96133 -80.09746 -80.24107 -80.39271 -80.55356 -80.72516 -80.84628 -81.0396 -81.24779 -81.4705 -81.70694 -81.95576 -82.21591 -82.48978 -82.78111 -83.09106 -83.41744 -83.7561 -84.10274 -84.45133 -84.79693 -85.13968 -85.48111 -85.82235 -86.16382 -86.50551 -86.84932 -87.07909 -87.42324
-81.93991 -81.62054 -81.32715 -81.05734 -80.80987 -80.58518 -80.38392 -80.20486 -80.04566 -79.90344 -79.77718 -79.66541 -79.56761 -79.48483 -79.41549 -79.35958 -79.31863 -79.29147 -79.27983 -79.27113 -79.27222 -79.28344 -79.30454 -79.33551 -79.37633 -79.42717 -79.48847 -79.56066 -79.6435 -79.73582 -79.83621 -79.94373 -80.058 -80.17948 -80.30862 -80.4459 -80.59197 -80.74786 -80.91476 -81.03291 -81.22192 -81.42601 -81.64472 -81.8774 -82.12273 -82.38018 -82.65313 -82.94541 -83.25732 -83.58678 -83.93017 -84.28249 -84.63621 -84.98585 -85.33222 -85.6773 -86.02139 -86.36498 -86.70786 -87.05228 -87.28229 -87.62546
-82.60674 -82.27068 -81.96053 -81.67477 -81.41183 -81.17084 -80.95163 -80.75416 -80.57727 -80.41862 -80.27673 -80.15033 -80.03785 -79.9403 -79.85718 -79.78687 -79.72943 -79.68533 -79.66302 -79.63943 -79.62681 -79.62491 -79.63348 -79.65255 -79.68209 -79.72239 -79.77381 -79.83672 -79.91077 -79.99454 -80.08669 -80.18617 -80.29283 -80.40742 -80.53061 -80.66272 -80.80437 -80.95628 -81.11935 -81.235 -81.42034 -81.62071 -81.83569 -82.06483 -82.30695 -82.56231 -82.83521 -83.12878 -83.44254 -83.77561 -84.12494 -84.48435 -84.84446 -85.19934 -85.55054 -85.90047 -86.24808 -86.59393 -86.93817 -87.28291 -87.5133 -87.85558
-83.2589 -82.91006 -82.58586 -82.28522 -82.00743 -81.7514 -81.51638 -81.30221 -81.1084 -80.93398 -80.77663 -80.63582 -80.50964 -80.39723 -80.29929 -80.21509 -80.14337 -80.08389 -80.05115 -80.01234 -79.98561 -79.97056 -79.96688 -79.97443 -79.99311 -80.02321 -80.06512 -80.11916 -80.18468 -80.26041 -80.34481 -80.4369 -80.5368 -80.64557 -80.76389 -80.89207 -81.03046 -81.17942 -81.33945 -81.453 -81.63522 -81.83221 -82.04374 -82.26951 -82.50876 -82.7628 -83.03627 -83.3311 -83.64654 -83.9838 -84.34049 -84.7083 -85.07586 -85.4371 -85.79454 -86.15027 -86.50182 -86.84956 -87.19522 -87.541 -87.77264 -88.1162
-83.89014 -83.53123 -83.19604 -82.88335 -82.59234 -82.32238 -82.07285 -81.84351 -81.63397 -81.44389 -81.27204 -81.11648 -80.97665 -80.85101 -80.7387 -80.64014 -80.55475 -80.48162 -80.43968 -80.38705 -80.34687 -80.3191 -80.30353 -80.29993 -80.30825 -80.32868 -80.3616 -80.40719 -80.46482 -80.5331 -80.61047 -80.69596 -80.79018 -80.89432 -81.00901 -81.13457 -81.27091 -81.41776 -81.57552 -81.68744 -81.86698 -82.06083 -82.2691 -82.49183 -82.72883 -82.98226 -83.25637 -83.55207 -83.86941 -84.21198 -84.57738 -84.9542 -85.3296 -85.69816 -86.06344 -86.42577 -86.78183 -87.13066 -87.47851 -87.82732 -88.06197 -88.41228
-84.49535 -84.12914 -83.7854 -83.46358 -83.16229 -82.88062 -82.61828 -82.37497 -82.15117 -81.94616 -81.75969 -81.5902 -81.43614 -81.29719 -81.17188 -81.05974 -80.96085 -80.8748 -80.82452 -80.75968 -80.7076 -80.66838 -80.64188 -80.62801 -80.62667 -80.63813 -80.6627 -80.70053 -80.7509 -80.81242 -80.88362 -80.96362 -81.05336 -81.15417 -81.26659 -81.39085 -81.52626 -81.67198 -81.82818 -81.93889 -82.11603 -82.30692 -82.51225 -82.73251 -82.96795 -83.2212 -83.49568 -83.79189 -84.11182 -84.46124 -84.83615 -85.22133 -85.60389 -85.98089 -86.35575 -86.72646 -87.08731 -87.43758 -87.7894 -88.14388 -88.38512 -88.74967
-85.06973 -84.7 -84.35044 -84.02159 -83.71249 -83.42191 -83.14906 -82.89407 -82.65711 -82.43877 -82.23805 -82.0546 -81.88692 -81.73425 -81.59598 -81.47134 -81.35992 -81.26181 -81.20379 -81.12788 -81.06535 -81.01617 -80.98017 -80.95728 -80.9474 -80.9508 -80.96793 -80.99882 -81.04276 -81.09842 -81.16446 -81.24016 -81.32676 -81.4256 -81.53716 -81.66147 -81.79711 -81.94263 -82.09801 -82.20776 -82.38282 -82.57109 -82.77393 -82.9925 -83.22713 -83.48029 -83.7547 -84.05155 -84.3753 -84.73286 -85.11662 -85.50816 -85.89664 -86.28322 -86.67045 -87.05223 -87.41854 -87.77334 -88.13046 -88.49413 -88.74726 -89.12782
-85.61204 -85.24211 -84.8897 -84.55587 -84.24049 -83.94278 -83.66172 -83.39697 -83.14906 -82.91829 -82.70483 -82.50793 -82.32697 -82.16114 -82.01005 -81.87331 -81.75051 -81.64159 -81.57664 -81.49097 -81.4194 -81.36166 -81.31764 -81.287 -81.26978 -81.26627 -81.27699 -81.30185 -81.3403 -81.39118 -81.4532 -81.52605 -81.611 -81.70935 -81.82148 -81.94718 -82.08418 -82.2303 -82.38554 -82.49472 -82.66805 -82.85406 -83.05526 -83.27285 -83.50731 -83.76049 -84.03487 -84.33324 -84.66216 -85.02769 -85.41768 -85.81232 -86.20564 -86.60378 -87.00732 -87.40317 -87.77837 -88.14182 -88.50282 -88.88282 -89.15076 -89.53622
-86.12434 -85.75642 -85.40364 -85.06688 -84.74664 -84.44262 -84.15436 -83.88136 -83.62385 -83.38239 -83.15716 -82.94798 -82.75449 -82.57634 -82.41324 -82.26521 -82.13218 -82.01386 -81.94309 -81.84926 -81.77013 -81.70532 -81.65455 -81.61748 -81.59396 -81.58466 -81.5899 -81.60979 -81.64388 -81.69121 -81.75064 -81.82202 -81.90687 -82.00627 -82.12044 -82.24876 -82.38812 -82.53583 -82.69172 -82.80064 -82.97269 -83.15729 -83.35763 -83.57514 -83.80997 -84.06348 -84.33854 -84.63963 -84.97457 -85.34549 -85.7375 -86.13139 -86.5296 -86.94232 -87.36665 -87.78054 -88.16994 -88.54185 -88.90739 -89.316 -89.593 -89.95907
-86.60967 -86.24553 -85.89397 -85.55576 -85.23172 -84.9222 -84.627 -84.34612 -84.07987 -83.8287 -83.593 -83.37279 -83.16795 -82.97858 -82.8049 -82.64713 -82.50523 -82.37912 -82.30364 -82.20334 -82.1183 -82.04792 -81.99174 -81.94936 -81.92075 -81.90657 -81.90739 -81.92332 -81.9542 -81.99916 -82.05732 -82.12891 -82.2153 -82.31719 -82.43474 -82.56705 -82.70985 -82.86008 -83.01746 -83.12657 -83.29817 -83.48225 -83.68272 -83.90113 -84.13708 -84.39187 -84.66856 -84.97364 -85.31355 -85.68552 -86.07452 -86.46425 -86.86884 -87.29975 -87.74938 -88.1852 -88.59049 -88.96839 -89.34804 -89.79175 -90.06944 -90.39348
-87.07174 -86.71236 -86.36288 -86.02396 -85.69668 -85.38182 -85.07977 -84.79103 -84.51623 -84.25603 -84.01089 -83.78093 -83.56634 -83.36739 -83.18486 -83.01929 -82.87057 -82.7385 -82.65952 -82.5545 -82.46514 -82.39062 -82.33028 -82.28374 -82.25101 -82.23296 -82.2302 -82.24319 -82.27197 -82.31594 -82.37437 -82.44778 -82.53716 -82.64297 -82.76542 -82.90294 -83.05017 -83.20391 -83.36373 -83.47369 -83.64594 -83.83073 -84.03255 -84.25288 -84.49097 -84.74826 -85.028 -85.33744 -85.67957 -86.0481 -86.42814 -86.81329 -87.22672 -87.67914 -88.15579 -88.61427 -89.0322 -89.41846 -89.81957 -90.272 -90.5467 -90.87405
-87.51524 -87.16071 -86.81307 -86.47327 -86.14256 -85.82187 -85.51251 -85.21568 -84.93234 -84.66354 -84.40988 -84.17158 -83.94891 -83.74259 -83.5535 -83.38237 -83.22917 -83.0934 -83.01231 -82.90443 -82.81226 -82.73486 -82.67142 -82.62164 -82.58569 -82.5646 -82.55917 -82.57018 -82.59812 -82.64249 -82.70288 -82.77967 -82.87358 -82.98485 -83.1135 -83.25726 -83.41 -83.56843 -83.73186 -83.84351 -84.01765 -84.20454 -84.40892 -84.63243 -84.87416 -85.1353 -85.41959 -85.73253 -86.07452 -86.43481 -86.80175 -87.18623 -87.60941 -88.0856 -88.58778 -89.06042 -89.48758 -89.88622 -90.30083 -90.68487 -90.94511 -91.30991
-87.94469 -87.59399 -87.24692 -86.90497 -86.56971 -86.24252 -85.92527 -85.61987 -85.32807 -85.05122 -84.79005 -84.54491 -84.31625 -84.10482 -83.91174 -83.73764 -83.5824 -83.44529 -83.3636 -83.25479 -83.16127 -83.08207 -83.01653 -82.96433 -82.92586 -82.90247 -82.89524 -82.90543 -82.93393 -82.98016 -83.04398 -83.12571 -83.22558 -83.34376 -83.47989 -83.63103 -83.79029 -83.95448 -84.12307 -84.23743 -84.41486 -84.60533 -84.81363 -85.0419 -85.28887 -85.55539 -85.84533 -86.16135 -86.50158 -86.84972 -87.20572 -87.59259 -88.02507 -88.52948 -89.0535 -89.52848 -89.96811 -90.36945 -90.75948 -91.06405 -91.30006 -91.76372
-88.36317 -88.01453 -87.66563 -87.31928 -86.97778 -86.6431 -86.31771 -86.00391 -85.70411 -85.4201 -85.15268 -84.9024 -84.66985 -84.45583 -84.26139 -84.08704 -83.93237 -83.79632 -83.71535 -83.60719 -83.5136 -83.43359 -83.3668 -83.31293 -83.27261 -83.24755 -83.23948 -83.25012 -83.28056 -83.3302 -83.39895 -83.48711 -83.59443 -83.72088 -83.8657 -84.0251 -84.19186 -84.3632 -84.53844 -84.65652 -84.83881 -85.03429 -85.2481 -85.48282 -85.73682 -86.0106 -86.30694 -86.62749 -86.96423 -87.30222 -87.65221 -88.03728 -88.48539 -89.02865 -89.57021 -90.03867 -90.45277 -90.83933 -91.2031 -91.4529 -91.77051 -92.36897
-88.77192 -88.42281 -88.06914 -87.71569 -87.36594 -87.02282 -86.68925 -86.36802 -86.06159 -85.77196 -85.50016 -85.24689 -85.01286 -84.79884 -84.60564 -84.43351 -84.28176 -84.14894 -84.06979 -83.9636 -83.87079 -83.79081 -83.72345 -83.66845 -83.62686 -83.60102 -83.59319 -83.60571 -83.63962 -83.69418 -83.7693 -83.86526 -83.98148 -84.11738 -84.27182 -84.44027 -84.61543 -84.7951 -84.9786 -85.10152 -85.29003 -85.49207 -85.71311 -85.95616 -86.21916 -86.50179 -86.80601 -87.13316 -87.46687 -87.80223 -88.14185 -88.52217 -89.0029 -89.5856 -90.13148 -90.61133 -91.01166 -91.29929 -91.63588 -92.07712 -92.45452 -93.10062
-89.16959 -88.81688 -88.45587 -88.09315 -87.73366 -87.38157 -87.0406 -86.71355 -86.40267 -86.10979 -85.83616 -85.58259 -85.34978 -85.13827 -84.94869 -84.78098 -84.63411 -84.50602 -84.42953 -84.32602 -84.23462 -84.15522 -84.08771 -84.032 -83.98979 -83.96411 -83.95796 -83.97386 -84.0127 -84.07355 -84.15652 -84.2617 -84.38793 -84.53425 -84.69892 -84.87688 -85.06128 -85.25053 -85.44357 -85.57232 -85.76831 -85.9784 -86.20862 -86.46168 -86.7355 -87.02818 -87.34243 -87.67686 -88.01236 -88.34684 -88.66673 -89.0539 -89.56992 -90.15066 -90.65862 -91.1338 -91.56567 -91.83852 -92.27071 -92.83519 -93.25985 -93.9299
-89.5518 -89.19328 -88.82347 -88.4506 -88.08141 -87.72144 -87.37492 -87.04443 -86.73174 -86.43859 -86.16609 -85.91526 -85.6864 -85.47973 -85.29572 -85.13409 -84.99342 -84.87091 -84.7973 -84.69671 -84.60704 -84.52848 -84.46098 -84.40485 -84.36275 -84.33857 -84.33566 -84.35641 -84.40153 -84.47005 -84.56226 -84.67794 -84.81509 -84.97227 -85.14731 -85.33498 -85.52921 -85.72898 -85.93281 -86.06815 -86.27271 -86.49207 -86.73323 -86.99733 -87.28312 -87.58643 -87.91127 -88.25256 -88.59461 -88.9228 -89.22942 -89.64128 -90.15178 -90.66135 -91.1221 -91.60963 -92.08919 -92.54391 -93.07619 -93.70675 -94.16013 -94.86088
