capecod/ArcData/bedrock-90.txt
ncols         493
nrows         332
xllcorner     267461.75521767
yllcorner     807168.56661851
cellsize      90
NODATA_value  -9999
[rows 270 to 296 of 332, columns 62 to 123 of 493]
-57.745 -58.05659 -58.3794 -58.69687 -59.00793 -59.25705 -59.55951 -59.95774 -60.40414 -60.72945 -60.77303 -61.16137 -61.46331 -61.7252 -61.97364 -62.21906 -62.53451 -62.87917 -63.2881 -63.80793 -64.43251 -65.14169 -65.91869 -66.74979 -67.62442 -68.53735 -69.48261 -70.4508 -71.43481 -72.43098 -73.43599 -74.44759 -75.46772 -76.15134 -77.17046 -78.17138 -79.16113 -80.1501 -81.14265 -82.14059 -83.14016 -84.1395 -85.16076 -86.16858 -87.10175 -87.97167 -88.73226 -89.2637 -89.67297 -90.08734 -90.58859 -91.06345 -91.43938 -91.72328 -91.93863 -92.34329 -92.90347 -93.49654 -94.09007 -94.70451 -95.35808 -96.03957
-58.70393 -59.02196 -59.30634 -59.57513 -59.87273 -60.07421 -60.25882 -60.63466 -60.96029 -61.29842 -61.48239 -61.79361 -62.11737 -62.54635 -62.90825 -63.2054 -63.5148 -63.89324 -64.36052 -64.93012 -65.6039 -66.36774 -67.20158 -68.08913 -69.01698 -69.97531 -70.95812 -71.96031 -72.97956 -74.01162 -75.04855 -76.08771 -77.13127 -77.82638 -78.85159 -79.84482 -80.8167 -81.79094 -82.78063 -83.78322 -84.79481 -85.84457 -86.92381 -87.94427 -88.89316 -89.7645 -90.43277 -90.70125 -91.00497 -91.22053 -91.63462 -91.93855 -92.33569 -92.728 -93.0218 -93.50787 -94.04481 -94.63156 -95.25536 -95.9173 -96.60974 -97.33131
-59.64148 -59.9547 -60.16122 -60.33083 -60.64672 -60.82786 -60.95566 -61.11122 -61.54929 -62.03044 -62.43321 -62.79783 -63.06679 -63.49277 -63.87868 -64.25729 -64.63123 -65.05051 -65.55419 -66.16071 -66.87176 -67.67601 -68.5559 -69.49162 -70.46751 -71.47305 -72.4973 -73.53119 -74.57416 -75.62437 -76.67383 -77.72 -78.76458 -79.45498 -80.46323 -81.42767 -82.36473 -83.31413 -84.28925 -85.28706 -86.3224 -87.41951 -88.50419 -89.48203 -90.43124 -91.18651 -91.65978 -91.7931 -91.97121 -92.23572 -92.61256 -93.00085 -93.41951 -93.86485 -94.18343 -94.6907 -95.23906 -95.83379 -96.48643 -97.18715 -97.92034 -98.67489
-60.49882 -60.75362 -60.944 -60.95131 -61.16888 -61.48929 -61.77494 -62.06231 -62.50743 -62.97469 -63.42941 -63.87043 -64.14923 -64.56314 -64.98318 -65.39103 -65.81391 -66.28002 -66.82205 -67.46515 -68.21278 -69.05563 -69.97744 -70.95876 -71.9806 -73.03012 -74.09284 -75.15603 -76.21531 -77.26907 -78.31112 -79.34297 -80.36486 -81.03435 -82.00447 -82.92227 -83.81413 -84.72361 -85.66831 -86.66238 -87.71548 -88.78355 -89.76453 -90.61562 -91.44353 -92.06647 -92.49901 -92.83531 -93.12616 -93.47057 -93.85963 -94.27031 -94.69876 -95.1492 -95.4632 -95.96888 -96.52615 -97.14535 -97.82223 -98.54755 -99.30555 -100.0825
-61.08582 -61.32779 -61.53236 -61.73716 -62.03386 -62.42859 -62.79635 -63.17587 -63.63269 -64.09688 -64.5444 -64.98204 -65.27446 -65.71452 -66.15431 -66.59677 -67.05524 -67.55138 -68.12604 -68.80894 -69.60144 -70.48992 -71.45846 -72.48863 -73.55934 -74.65201 -75.7476 -76.83234 -77.89748 -78.94147 -79.9594 -80.95569 -81.93258 -82.56923 -83.48701 -84.34758 -85.18611 -86.03846 -86.94588 -87.92312 -88.92813 -89.86214 -90.68241 -91.44302 -92.22242 -92.85259 -93.34792 -93.81802 -94.26329 -94.69006 -95.13991 -95.59983 -96.06145 -96.53004 -96.85427 -97.36945 -97.93719 -98.5675 -99.25841 -99.99674 -100.7668 -101.5553
-61.83242 -62.09647 -62.38137 -62.67673 -63.0335 -63.44905 -63.86911 -64.30132 -64.76748 -65.24983 -65.71574 -66.16604 -66.46095 -66.90527 -67.35386 -67.81477 -68.29553 -68.819 -69.43478 -70.16876 -71.01462 -71.95806 -72.98494 -74.07414 -75.20155 -76.34007 -77.46684 -78.56237 -79.62051 -80.63971 -81.61655 -82.55613 -83.472 -84.06863 -84.9243 -85.72461 -86.50771 -87.29514 -88.15017 -89.04474 -89.91225 -90.69756 -91.44367 -92.24464 -93.00553 -93.67217 -94.23886 -94.78108 -95.31649 -95.8409 -96.356 -96.87502 -97.39184 -97.90876 -98.25952 -98.81029 -99.40582 -100.0574 -100.7645 -101.5141 -102.2918 -103.0854
-62.80381 -63.08065 -63.3779 -63.71803 -64.10838 -64.5461 -65.00597 -65.47939 -65.96124 -66.43423 -66.89449 -67.34565 -67.64507 -68.09626 -68.54919 -69.0183 -69.50774 -70.06289 -70.73929 -71.53635 -72.44208 -73.45007 -74.54936 -75.71201 -76.90474 -78.09088 -79.24702 -80.34492 -81.38772 -82.36328 -83.27586 -84.13879 -84.98409 -85.53341 -86.31841 -87.06572 -87.80399 -88.52461 -89.29126 -90.02946 -90.71734 -91.4423 -92.23988 -93.05228 -93.7955 -94.46721 -95.11238 -95.73762 -96.34818 -96.94199 -97.52653 -98.10279 -98.67517 -99.24955 -99.63863 -100.2408 -100.8792 -101.5661 -102.3002 -103.0683 -103.8564 -104.6541
-63.89651 -64.20464 -64.52819 -64.8922 -65.3139 -65.77631 -66.25371 -66.73371 -67.20527 -67.65778 -68.09039 -68.52344 -68.81708 -69.26559 -69.71954 -70.19058 -70.6912 -71.30225 -72.04696 -72.90037 -73.87408 -74.96842 -76.16016 -77.41022 -78.67039 -79.90205 -81.0779 -82.17422 -83.19042 -84.09812 -84.92237 -85.69167 -86.45452 -86.94827 -87.66397 -88.37531 -89.07791 -89.72204 -90.35165 -90.9381 -91.44199 -92.22125 -93.05022 -93.84068 -94.58364 -95.29539 -95.99245 -96.68793 -97.36929 -98.02808 -98.66687 -99.29393 -99.91785 -100.5479 -100.9756 -101.6351 -102.3265 -103.0591 -103.8297 -104.6249 -105.4309 -106.2384
-65.07826 -65.41376 -65.77592 -66.17672 -66.62392 -67.1001 -67.57511 -68.04018 -68.48701 -68.90083 -69.29582 -69.70071 -69.97969 -70.41329 -70.86285 -71.34035 -71.87518 -72.54733 -73.31981 -74.20584 -75.28825 -76.52563 -77.8401 -79.184 -80.50165 -81.76708 -82.94281 -84.03146 -84.99939 -85.82228 -86.54785 -87.1993 -87.8613 -88.30229 -88.96486 -89.63844 -90.27364 -90.81431 -91.24983 -91.66904 -92.30103 -93.08813 -93.89931 -94.68464 -95.45058 -96.20594 -96.95656 -97.69473 -98.41591 -99.116 -99.79758 -100.4671 -101.1344 -101.8119 -102.2736 -102.9864 -103.7318 -104.5148 -105.3278 -106.1559 -106.9869 -107.8127
-66.3163 -66.68129 -67.07252 -67.50398 -67.97789 -68.46117 -68.92556 -69.36691 -69.7785 -70.15251 -70.51329 -70.87817 -71.1306 -71.54118 -71.99256 -72.48849 -73.05466 -73.73988 -74.47941 -75.40247 -76.71027 -78.16711 -79.62041 -81.04369 -82.39267 -83.65884 -84.80437 -85.87563 -86.78573 -87.54803 -88.17915 -88.63898 -89.17419 -89.58309 -90.20451 -90.7803 -91.24705 -91.63083 -92.06798 -92.63564 -93.32796 -94.07914 -94.85384 -95.64143 -96.43649 -97.22879 -98.00539 -98.7631 -99.50153 -100.2217 -100.9287 -101.6293 -102.3326 -103.05 -103.5404 -104.2987 -105.0919 -105.9229 -106.7792 -107.6435 -108.505 -109.3551
-67.59258 -67.9687 -68.38138 -68.83745 -69.3285 -69.81602 -70.26804 -70.68116 -71.05643 -71.40097 -71.72713 -72.03748 -72.26015 -72.6619 -73.12904 -73.63213 -74.18211 -74.83982 -75.5843 -76.70504 -78.34226 -79.9845 -81.53091 -82.98857 -84.31798 -85.52835 -86.61081 -87.65749 -88.52219 -89.27937 -89.8284 -89.91328 -90.31434 -90.69803 -91.24001 -91.64237 -92.07751 -92.60071 -93.17284 -93.79063 -94.46886 -95.19284 -95.95023 -96.73607 -97.53712 -98.33511 -99.11546 -99.87345 -100.611 -101.3347 -102.0529 -102.7729 -103.5035 -104.2544 -104.7691 -105.5665 -106.4015 -107.2749 -108.1712 -109.0721 -109.9682 -110.8479
-68.89097 -69.26176 -69.67767 -70.1432 -70.64125 -71.12556 -71.56046 -71.94617 -72.3018 -72.62815 -72.91393 -73.18249 -73.39525 -73.7999 -74.26728 -74.76327 -75.28325 -75.93037 -76.97545 -78.57632 -80.35345 -82.02386 -83.57704 -85.00398 -86.23991 -87.32646 -88.3164 -89.31774 -90.10731 -90.78815 -91.38342 -90.9191 -91.23395 -91.47964 -92.02944 -92.54525 -93.12395 -93.75309 -94.40234 -95.05131 -95.7239 -96.43508 -97.17977 -97.94682 -98.72372 -99.49677 -100.2553 -100.9955 -101.72 -102.4368 -103.156 -103.8858 -104.6345 -105.4111 -105.9462 -106.7771 -107.6489 -108.56 -109.4924 -110.4281 -111.36 -112.274
-70.19897 -70.5477 -70.94605 -71.40475 -71.88847 -72.35124 -72.76408 -73.14097 -73.50319 -73.80652 -74.05932 -74.36475 -74.60707 -74.9631 -75.35783 -75.91316 -76.58332 -77.6468 -79.18014 -80.91713 -82.62398 -84.22303 -85.71799 -87.03793 -88.10213 -88.997 -89.85963 -90.74605 -91.38595 -91.84887 -92.16944 -91.87875 -92.21629 -92.53708 -93.10577 -93.67841 -94.30573 -94.98332 -95.67563 -96.36456 -97.05396 -97.75838 -98.48145 -99.21534 -99.95032 -100.6793 -101.3977 -102.1058 -102.8076 -103.5106 -104.2245 -104.9575 -105.7174 -106.5123 -107.0628 -107.9209 -108.8234 -109.7669 -110.7316 -111.7 -112.6668 -113.6176
-71.48193 -71.80112 -72.17095 -72.60138 -73.0423 -73.47034 -73.87072 -74.26093 -74.64246 -74.90076 -75.09872 -75.51136 -75.83875 -76.0032 -76.28706 -77.25431 -78.47433 -79.9627 -81.63574 -83.3483 -84.96663 -86.48512 -87.85091 -88.95468 -89.79331 -90.49489 -91.14976 -91.72246 -92.29176 -92.83218 -93.20605 -93.31028 -93.57425 -93.85859 -94.39486 -94.97737 -95.60179 -96.27514 -96.97362 -97.67627 -98.37628 -99.07401 -99.7722 -100.4696 -101.1611 -101.8438 -102.5182 -103.1884 -103.8617 -104.5462 -105.2508 -105.983 -106.7492 -107.5565 -108.1182 -108.9964 -109.9223 -110.8913 -111.8825 -112.8792 -113.8778 -114.8647
-72.70359 -72.99309 -73.32784 -73.71018 -74.09691 -74.49935 -74.89641 -75.2716 -75.65749 -75.89705 -75.93665 -76.22777 -76.4966 -76.80181 -77.73152 -79.05517 -80.65033 -82.34836 -84.07007 -85.76212 -87.30576 -88.70352 -89.82473 -90.56581 -91.15512 -91.72577 -92.26254 -92.78032 -93.33566 -93.85089 -94.30647 -94.63193 -94.94757 -95.20861 -95.69221 -96.26122 -96.88423 -97.54677 -98.2343 -98.93223 -99.62807 -100.3147 -100.9903 -101.6551 -102.3093 -102.9535 -103.5907 -104.2277 -104.8736 -105.5383 -106.2314 -106.9597 -107.7284 -108.5437 -109.1132 -110.0054 -110.9471 -111.9339 -112.9443 -113.9617 -114.9852 -116.0025
-73.86094 -74.10794 -74.38889 -74.7143 -75.05589 -75.43844 -75.80586 -76.04937 -76.3653 -76.77526 -76.95419 -77.29096 -77.62897 -78.34252 -79.49666 -81.03619 -82.79546 -84.6132 -86.4204 -88.12771 -89.51148 -90.63136 -91.4427 -91.89014 -92.42497 -93.0402 -93.57211 -94.03793 -94.51174 -94.98044 -95.40131 -95.78573 -96.16822 -96.4511 -96.9362 -97.48985 -98.09816 -98.74616 -99.41822 -100.0995 -100.7797 -101.4506 -102.1065 -102.746 -103.3715 -103.9865 -104.5965 -105.209 -105.834 -106.482 -107.1636 -107.8862 -108.6545 -109.4734 -110.0475 -110.9482 -111.8988 -112.8957 -113.9175 -114.9467 -115.984 -117.0206
-74.61794 -74.80228 -75.03358 -75.31284 -75.61421 -75.96261 -76.22469 -76.50644 -76.8922 -77.4102 -77.81429 -78.26203 -78.66681 -79.51711 -80.74699 -82.34703 -84.14437 -86.02026 -87.90785 -89.61192 -90.78626 -91.54601 -92.31841 -92.84795 -93.41109 -93.97398 -94.4586 -94.88721 -95.31194 -95.741 -96.14258 -96.52563 -96.92504 -97.21773 -97.71 -98.26286 -98.86395 -99.5006 -100.1599 -100.8283 -101.4949 -102.1519 -102.7942 -103.4197 -104.0304 -104.6308 -105.2273 -105.8277 -106.4424 -107.082 -107.7569 -108.4754 -109.242 -110.0612 -110.6367 -111.54 -112.4929 -113.4924 -114.5174 -115.5493 -116.5889 -117.6298
-75.73244 -75.71272 -75.92803 -76.05264 -76.22386 -76.57224 -76.98827 -77.4455 -77.90521 -78.47949 -79.10809 -79.77167 -80.29154 -81.28421 -82.57962 -84.19153 -85.96703 -87.90945 -89.88078 -91.4148 -92.19193 -92.84185 -93.51858 -94.12365 -94.67505 -95.17565 -95.60978 -96.01401 -96.40652 -96.80096 -97.19334 -97.58524 -97.99805 -98.29727 -98.79098 -99.33812 -99.92985 -100.5538 -101.1969 -101.8475 -102.4949 -103.1315 -103.7535 -104.3601 -104.953 -105.5367 -106.1182 -106.7054 -107.3085 -107.938 -108.6044 -109.3166 -110.079 -110.8957 -111.4705 -112.3738 -113.3248 -114.3218 -115.3455 -116.3743 -117.4067 -118.4407
-76.33351 -76.42506 -76.59691 -76.86986 -77.20085 -77.57666 -78.0106 -78.52499 -79.08004 -79.6903 -80.38478 -81.19048 -81.80637 -82.9036 -84.22883 -85.80212 -87.47388 -89.3447 -91.30182 -92.45864 -93.22408 -93.88165 -94.50578 -95.08283 -95.60484 -96.08372 -96.52721 -96.93905 -97.33594 -97.72767 -98.12127 -98.5295 -98.96328 -99.27238 -99.77294 -100.3188 -100.9034 -101.5168 -102.1468 -102.7825 -103.4142 -104.0347 -104.64 -105.2303 -105.8087 -106.3802 -106.9511 -107.5293 -108.1241 -108.7457 -109.4044 -110.1094 -110.8655 -111.676 -112.247 -113.1453 -114.0891 -115.0765 -116.0918 -117.1105 -118.1252 -119.1368
-77.09026 -77.28202 -77.57194 -77.94646 -78.34229 -78.76308 -79.21687 -79.7292 -80.31624 -80.96056 -81.68178 -82.52831 -83.18595 -84.32499 -85.64442 -87.14603 -88.68565 -90.26548 -91.83687 -93.01034 -93.90089 -94.65292 -95.29651 -95.85377 -96.35715 -96.8282 -97.2779 -97.7098 -98.12637 -98.53423 -98.94778 -99.37754 -99.83266 -100.1541 -100.6666 -101.2155 -101.7966 -102.4017 -103.0212 -103.6447 -104.2633 -104.871 -105.4642 -106.0429 -106.6103 -107.1722 -107.7354 -108.3072 -108.896 -109.5114 -110.1628 -110.8594 -111.6066 -112.4072 -112.9715 -113.8597 -114.7912 -115.7628 -116.7632 -117.7672 -118.7592 -119.7401
-78.05601 -78.28851 -78.59035 -78.97591 -79.39993 -79.86346 -80.36843 -80.91707 -81.51375 -82.17079 -82.90515 -83.76196 -84.41969 -85.54684 -86.83408 -88.23709 -89.69518 -91.06413 -92.36878 -93.51932 -94.47042 -95.26523 -95.92956 -96.495 -96.99681 -97.46471 -97.91897 -98.36592 -98.80653 -99.24432 -99.68645 -100.1434 -100.6239 -100.9597 -101.4876 -102.0435 -102.6241 -103.2234 -103.8339 -104.4473 -105.0557 -105.6532 -106.2373 -106.8078 -107.3679 -107.9232 -108.4805 -109.0474 -109.6315 -110.2414 -110.8856 -111.5728 -112.3089 -113.0963 -113.6507 -114.5239 -115.4387 -116.3897 -117.369 -118.3548 -119.3246 -120.2728
-79.07999 -79.3341 -79.62437 -79.98464 -80.41129 -80.89556 -81.43045 -82.00666 -82.62866 -83.3017 -84.04047 -84.87994 -85.51621 -86.59874 -87.82223 -89.12965 -90.4859 -91.79345 -92.98315 -94.05392 -94.98933 -95.78048 -96.44862 -97.02505 -97.54166 -98.02403 -98.49073 -98.95506 -99.422 -99.89214 -100.3674 -100.8539 -101.3582 -101.7067 -102.2489 -102.8132 -103.396 -103.9925 -104.597 -105.2029 -105.8037 -106.3944 -106.9722 -107.5372 -108.0926 -108.6435 -109.1967 -109.7593 -110.3389 -110.9431 -111.5796 -112.2561 -112.979 -113.7505 -114.2926 -115.1462 -116.0408 -116.9677 -117.9209 -118.8845 -119.8341 -120.7546
-80.10274 -80.34974 -80.64301 -80.99504 -81.41522 -81.9017 -82.4464 -83.03532 -83.66769 -84.35275 -85.09674 -85.91756 -86.52477 -87.54008 -88.67168 -89.89198 -91.12888 -92.3463 -93.48454 -94.50615 -95.40491 -96.18925 -96.87296 -97.47681 -98.02433 -98.53706 -99.03113 -99.5193 -100.0102 -100.5074 -101.0118 -101.5252 -102.0509 -102.4103 -102.9642 -103.5353 -104.1209 -104.7168 -105.3183 -105.92 -106.5165 -107.1033 -107.6782 -108.2408 -108.794 -109.3424 -109.8926 -110.4514 -111.0262 -111.6239 -112.2518 -112.9163 -113.6239 -114.3775 -114.9054 -115.7357 -116.6067 -117.5078 -118.4318 -119.3686 -120.2979 -121.1991
-81.06108 -81.32044 -81.61716 -81.97029 -82.38995 -82.87418 -83.41959 -84.01435 -84.65126 -85.34003 -86.0856 -86.89054 -87.46886 -88.41441 -89.45561 -90.56439 -91.70761 -92.82887 -93.89211 -94.872 -95.75436 -96.54142 -97.24467 -97.88054 -98.46572 -99.01682 -99.54724 -100.0668 -100.5835 -101.1036 -101.6299 -102.1642 -102.7079 -103.0766 -103.6405 -104.2174 -104.8057 -105.4022 -106.0029 -106.6032 -107.1986 -107.7849 -108.3596 -108.9227 -109.4762 -110.0244 -110.573 -111.1289 -111.6988 -112.2894 -112.9075 -113.5592 -114.25 -9999 -9999 -9999 -9999 -9999 -9999 -9999 -9999 -9999
-81.9837 -82.24698 -82.55122 -82.90891 -83.33076 -83.81657 -84.36181 -84.95865 -85.59663 -86.27941 -87.01681 -87.80663 -88.36269 -89.24931 -90.20372 -91.21581 -92.25413 -93.28959 -94.28979 -95.22794 -96.09233 -96.88209 -97.60431 -98.26978 -98.89017 -99.47726 -100.0421 -100.5932 -101.1371 -101.6791 -102.2236 -102.7734 -103.3305 -103.7068 -104.2795 -104.8624 -105.4541 -106.0524 -106.6539 -107.255 -107.8516 -108.4399 -109.0173 -109.5832 -110.1393 -110.6892 -111.238 -111.7921 -112.3578 -112.9417 -9999 -9999 -9999 -9999 -9999 -9999 -9999 -9999 -9999 -9999 -9999 -9999
-82.89563 -83.15923 -83.46478 -83.824 -84.24625 -84.73235 -85.27589 -85.87122 -86.50845 -87.18227 -87.90165 -88.67046 -89.20729 -90.04797 -90.93407 -91.86137 -92.81413 -93.76864 -94.70307 -95.60043 -96.44757 -97.23884 -97.97616 -98.66556 -99.3149 -99.9321 -100.5251 -101.1016 -101.668 -102.2293 -102.7897 -103.3525 -103.92 -104.302 -104.8819 -105.4704 -106.0664 -106.6679 -107.272 -107.8756 -108.4753 -109.0674 -109.6494 -110.2203 -110.781 -111.3344 -111.8852 -9999 -9999 -9999 -9999 -9999 -9999 -9999 -9999 -9999 -9999 -9999 -9999 -9999 -9999 -9999
-83.80452 -84.06938 -84.37457 -84.73062 -85.14632 -85.62545 -86.16254 -86.75049 -87.38235 -88.04834 -88.74829 -89.48996 -90.00702 -90.81096 -91.64549 -92.50775 -93.39037 -94.27856 -95.157 -96.01299 -96.83698 -97.62273 -98.36814 -99.07464 -99.74569 -100.3863 -101.0019 -101.5981 -102.181 -102.7563 -103.3284 -103.9012 -104.4772 -104.864 -105.4496 -106.0425 -106.6426 -107.2478 -107.8556 -108.4631 -109.0674 -109.665 -110.2532 -110.8305 -111.3974 -9999 -9999 -9999 -9999 -9999 -9999 -9999 -9999 -9999 -9999 -9999 -9999 -9999 -9999 -9999 -9999 -9999
