capecod/ArcData/bedrock-90.txt
ncols         493
nrows         332
xllcorner     267461.75521767
yllcorner     807168.56661851
cellsize      90
NODATA_value  -9999
[rows 135 to 161 of 332, columns 124 to 185 of 493]
-57.8055 -58.08225 -58.26607 -58.37578 -58.37974 -58.22266 -57.90606 -57.465 -56.94433 -56.38506 -55.81895 -55.27088 -54.76113 -54.30451 -54.03354 -53.67804 -53.38137 -53.14206 -52.96521 -52.86354 -52.85363 -52.94925 -53.15138 -53.44893 -53.82113 -54.24056 -54.70081 -55.20644 -55.75928 -56.38734 -57.12246 -57.95779 -58.85692 -59.7786 -60.66845 -61.23073 -61.97163 -62.59237 -63.12754 -63.60486 -64.00965 -64.33143 -64.64644 -64.973 -65.3905 -65.74986 -66.06841 -66.39124 -66.76822 -67.2383 -67.75423 -68.25943 -68.78613 -69.3548 -69.9529 -70.52476 -70.85394 -71.25137 -71.53698 -71.80882 -72.17774 -72.60493
-57.39652 -57.66454 -57.85778 -58.01046 -58.0398 -57.87061 -57.52828 -57.05476 -56.50911 -55.94629 -55.40215 -54.89834 -54.44944 -54.06541 -53.84776 -53.57796 -53.37132 -53.22284 -53.13251 -53.10843 -53.16333 -53.30991 -53.55264 -53.88341 -54.28777 -54.7418 -55.23181 -55.76441 -56.3383 -56.96274 -57.66566 -58.45263 -59.30104 -60.17097 -61.0194 -61.546 -62.26447 -62.88541 -63.4488 -63.98525 -64.51334 -65.03397 -65.56437 -66.10598 -66.62937 -67.15957 -67.65691 -68.18147 -68.76666 -69.35915 -69.89851 -70.38022 -70.85458 -71.37202 -71.96806 -72.52325 -72.81242 -73.11444 -73.2556 -73.42678 -73.74329 -74.08206
-56.80812 -57.07102 -57.26119 -57.43225 -57.46237 -57.26636 -56.91172 -56.42015 -55.86588 -55.31958 -54.82035 -54.38433 -54.0177 -53.72366 -53.56839 -53.39421 -53.28452 -53.23177 -53.23234 -53.28945 -53.4128 -53.61305 -53.89732 -54.26108 -54.69401 -55.17848 -55.69542 -56.24682 -56.83657 -57.46099 -58.13364 -58.86659 -59.6502 -60.46249 -61.26989 -61.78704 -62.5001 -63.14799 -63.7581 -64.36582 -64.9848 -65.63221 -66.30659 -67.00661 -67.70051 -68.35902 -69.03475 -69.74682 -70.5077 -71.23096 -71.82277 -72.27654 -72.68285 -73.17586 -73.77132 -74.26107 -74.49429 -74.71281 -74.72054 -74.78278 -75.08414 -75.25451
-56.32023 -56.57898 -56.74515 -56.89306 -56.91424 -56.70798 -56.34589 -55.85401 -55.31303 -54.79775 -54.34665 -53.97137 -53.6722 -53.44772 -53.33879 -53.23358 -53.19186 -53.20504 -53.26751 -53.37979 -53.54937 -53.78584 -54.09734 -54.48245 -54.93244 -55.43414 -55.96778 -56.52894 -57.12445 -57.74979 -58.40721 -59.10704 -59.84738 -60.61343 -61.38606 -61.8918 -62.61129 -63.27688 -63.91893 -64.56203 -65.23032 -65.94167 -66.70362 -67.48191 -68.26186 -69.02689 -69.81096 -70.66211 -71.54594 -72.36239 -72.98553 -73.3926 -73.7253 -74.20951 -74.81989 -75.21682 -75.3867 -75.58019 -75.54263 -75.51012 -75.86788 -75.88415
-55.50175 -55.73355 -55.81101 -55.837 -55.80686 -55.60308 -55.24248 -54.78465 -54.3085 -53.88083 -53.53432 -53.27397 -53.09236 -52.98265 -52.94788 -52.95083 -53.01397 -53.12776 -53.28382 -53.47908 -53.71752 -54.00755 -54.35793 -54.77256 -55.24516 -55.76675 -56.32182 -56.89581 -57.49315 -58.11571 -58.75664 -59.41696 -60.09953 -60.79856 -61.50793 -61.98453 -62.69032 -63.37855 -64.06213 -64.75703 -65.47857 -66.26212 -67.11389 -68.00557 -68.89516 -69.78093 -70.72931 -71.76904 -72.85887 -73.87078 -74.54461 -74.81865 -74.99442 -75.43205 -76.02087 -76.20171 -76.19952 -76.36836 -76.40359 -76.43335 -76.61022 -76.68064
-54.68512 -54.83036 -54.7492 -54.5598 -54.37582 -54.15044 -53.84581 -53.49177 -53.145 -52.85642 -52.65166 -52.53066 -52.47931 -52.48822 -52.52783 -52.63847 -52.8059 -53.01972 -53.26863 -53.54579 -53.85152 -54.19314 -54.57957 -55.01891 -55.50978 -56.0442 -56.61229 -57.19666 -57.79125 -58.40246 -59.02673 -59.65829 -60.29837 -60.94358 -61.59163 -62.02949 -62.69784 -63.37625 -64.07487 -64.80245 -65.56479 -66.39472 -67.31139 -68.27962 -69.25777 -70.24749 -71.31734 -72.50773 -73.7986 -75.05988 -75.78107 -75.92439 -76.02724 -76.21608 -76.56269 -76.71999 -76.74859 -76.81322 -76.88837 -76.96719 -77.10439 -77.28096
-53.95837 -53.93924 -53.62598 -53.18874 -52.78851 -52.50382 -52.28734 -52.09193 -51.92164 -51.80614 -51.76649 -51.79965 -51.8811 -52.00046 -52.10816 -52.31894 -52.58532 -52.89516 -53.23376 -53.59021 -53.96112 -54.35171 -54.77164 -55.23083 -55.73414 -56.27528 -56.84581 -57.4329 -58.02274 -58.61622 -59.21674 -59.82117 -60.42809 -61.03529 -61.63871 -62.04373 -62.6659 -63.31059 -63.99121 -64.71964 -65.49733 -66.34679 -67.29356 -68.30823 -69.34515 -70.4015 -71.53794 -72.80166 -74.17439 -75.53062 -76.25033 -76.43018 -76.54484 -76.71413 -76.88485 -77.04301 -77.12004 -77.2056 -77.31425 -77.44342 -77.59965 -77.82227
-53.32826 -53.07431 -52.47977 -51.72733 -51.11513 -50.82018 -50.74065 -50.73436 -50.75372 -50.8136 -50.93672 -51.12322 -51.33044 -51.54165 -51.70863 -52.01015 -52.36771 -52.76655 -53.18891 -53.62003 -54.05294 -54.48997 -54.9411 -55.41713 -55.92671 -56.46859 -57.03321 -57.61073 -58.18969 -58.76277 -59.33337 -59.90588 -60.47951 -61.05301 -61.62442 -62.00732 -62.5928 -63.19804 -63.84035 -64.54071 -65.30424 -66.14413 -67.0845 -68.108 -69.16743 -70.25275 -71.39857 -72.65356 -73.95937 -75.16654 -75.96128 -76.38389 -76.66956 -76.9105 -77.09334 -77.25277 -77.35644 -77.50201 -77.65244 -77.84775 -78.06432 -78.30545
-52.74831 -52.21786 -51.31555 -50.13635 -49.30992 -49.17297 -49.33896 -49.54697 -49.74109 -49.94638 -50.19561 -50.49802 -50.80945 -51.10957 -51.33567 -51.72435 -52.16597 -52.64493 -53.14228 -53.6409 -54.13074 -54.61141 -55.09148 -55.58302 -56.09511 -56.63138 -57.18433 -57.74234 -58.2986 -58.8461 -59.38383 -59.92015 -60.45702 -60.99332 -61.53161 -61.89471 -62.44967 -63.01806 -63.617 -64.27483 -65.00135 -65.80351 -66.7031 -67.69816 -68.74814 -69.82919 -70.95417 -72.15341 -73.37531 -74.49727 -75.36275 -75.98156 -76.4492 -76.81691 -77.11297 -77.34556 -77.4856 -77.69625 -77.91917 -78.15692 -78.42208 -78.70006
-52.1138 -51.38901 -50.23203 -48.62735 -47.62194 -47.85851 -48.28374 -48.6566 -48.96611 -49.25753 -49.57346 -49.93011 -50.31071 -50.70985 -50.99825 -51.47232 -51.9909 -52.53987 -53.1013 -53.65769 -54.19701 -54.71692 -55.22372 -55.72943 -56.24343 -56.76978 -57.30545 -57.83882 -58.36264 -58.87461 -59.3749 -59.87171 -60.36914 -60.8659 -61.36635 -61.70456 -62.22091 -62.74765 -63.29966 -63.90777 -64.58261 -65.32504 -66.15607 -67.09084 -68.10598 -69.16743 -70.27117 -71.41377 -72.57559 -73.67252 -74.61312 -75.37332 -75.99663 -76.51176 -76.93344 -77.28764 -77.4976 -77.79449 -78.09073 -78.39726 -78.70481 -79.01274
-51.12136 -50.52357 -49.55154 -48.16096 -47.27263 -47.40648 -47.78536 -48.1521 -48.4728 -48.77578 -49.10225 -49.47644 -49.90092 -50.37294 -50.71448 -51.26454 -51.8507 -52.45876 -53.0723 -53.67492 -54.25439 -54.80676 -55.33706 -55.85519 -56.37079 -56.8868 -57.40107 -57.90599 -58.3938 -58.86277 -59.3186 -59.77093 -60.22457 -60.67958 -61.1404 -61.45008 -61.91606 -62.38899 -62.8851 -63.43194 -64.04006 -64.70579 -65.4488 -66.30055 -67.26117 -68.29933 -69.38709 -70.51087 -71.64471 -72.74245 -73.74931 -74.6321 -75.39538 -76.05533 -76.62309 -77.10768 -77.3961 -77.79581 -78.17681 -78.54899 -78.91401 -79.2655
-49.70737 -49.78923 -49.43463 -48.65053 -47.97052 -47.72527 -47.78422 -47.9798 -48.22011 -48.47546 -48.77137 -49.13902 -49.5872 -50.10967 -50.49254 -51.10568 -51.74907 -52.40569 -53.05985 -53.69691 -54.30588 -54.88236 -55.43052 -55.95863 -56.47438 -56.98055 -57.47345 -57.94719 -58.39769 -58.82286 -59.23045 -59.63369 -60.03807 -60.44596 -60.86243 -61.14086 -61.54982 -61.95908 -62.39032 -62.86065 -63.38113 -63.95452 -64.59994 -65.35918 -66.25017 -67.25466 -68.33861 -69.46846 -70.61523 -71.74634 -72.82134 -73.80894 -74.69778 -75.49288 -76.19724 -76.81847 -77.19191 -77.70408 -78.17583 -78.62273 -79.04954 -79.45177
-48.47954 -49.43338 -49.80216 -49.55134 -48.92785 -48.31214 -47.97955 -47.94077 -48.07878 -48.26467 -48.51808 -48.87597 -49.3437 -49.90789 -50.3255 -50.99273 -51.68516 -52.38171 -53.06659 -53.72726 -54.35479 -54.94606 -55.50463 -56.03809 -56.55199 -57.04734 -57.52031 -57.96416 -58.3772 -58.76049 -59.12199 -59.47585 -59.82854 -60.18451 -60.54844 -60.78951 -61.13498 -61.47439 -61.83352 -62.21566 -62.62841 -63.09361 -63.64184 -64.31087 -65.12767 -66.08843 -67.15947 -68.30604 -69.49218 -70.68309 -71.84384 -72.94136 -73.95169 -74.86972 -75.6997 -76.4459 -76.90005 -77.52511 -78.0946 -78.62149 -79.11379 -79.5736
-48.35515 -49.52933 -50.54905 -50.79663 -49.95914 -48.80711 -48.0136 -47.7452 -47.85132 -47.99613 -48.25208 -48.63284 -49.13736 -49.74961 -50.20239 -50.92101 -51.65752 -52.38734 -53.09455 -53.76892 -54.40452 -55.00045 -55.56116 -56.0934 -56.60183 -57.08498 -57.53795 -57.95468 -58.33368 -58.67839 -58.99863 -59.30765 -59.61097 -59.91456 -60.22092 -60.41851 -60.69244 -60.95575 -61.23345 -61.51788 -61.81255 -62.15973 -62.61391 -63.20282 -63.95207 -64.85522 -65.89276 -67.04653 -68.28475 -69.55989 -70.82701 -72.04565 -73.18471 -74.22713 -75.17349 -76.03062 -76.55652 -77.28427 -77.94759 -78.55615 -79.11774 -79.63701
-48.53184 -49.89916 -51.39336 -52.06667 -50.67612 -48.82758 -47.53582 -47.13338 -47.27576 -47.57133 -47.93261 -48.38601 -48.95454 -49.6299 -50.12258 -50.89363 -51.67018 -52.42635 -53.14725 -53.82536 -54.45836 -55.04847 -55.60187 -56.12553 -56.62295 -57.09152 -57.52444 -57.91567 -58.26522 -58.57739 -58.86283 -59.13412 -59.39442 -59.64883 -59.89791 -60.05014 -60.24853 -60.43181 -60.61871 -60.7959 -60.97144 -61.20484 -61.56594 -62.08512 -62.76707 -63.5897 -64.5731 -65.72468 -67.0172 -68.39664 -69.79503 -71.15279 -72.42847 -73.59824 -74.65698 -75.61358 -76.20093 -77.01554 -77.76047 -78.44485 -79.0751 -79.6553
-48.48851 -50.06675 -51.80624 -52.24501 -50.66518 -48.11731 -46.37995 -46.18142 -46.62725 -47.14873 -47.64309 -48.17926 -48.8238 -49.57359 -50.10948 -50.93031 -51.73797 -52.50898 -53.23157 -53.90145 -54.51997 -55.09286 -55.62861 -56.13509 -56.61535 -57.06556 -57.47801 -57.84592 -58.1697 -58.45581 -58.71447 -58.95666 -59.18317 -59.39525 -59.59114 -59.70015 -59.82483 -59.92927 -60.02288 -60.08961 -60.15305 -60.2888 -60.5635 -61.0145 -61.60044 -62.31947 -63.23703 -64.37093 -65.71986 -67.22974 -68.79403 -70.31378 -71.73037 -73.02025 -74.18128 -75.22465 -75.8635 -76.74947 -77.56136 -78.31022 -79.00288 -79.64264
-48.24057 -49.97807 -51.98909 -52.48517 -50.63055 -47.25855 -45.05273 -45.48589 -46.30719 -46.99607 -47.54247 -48.11142 -48.82201 -49.64507 -50.21802 -51.071 -51.88778 -52.65225 -53.35769 -54.00331 -54.59325 -55.13615 -55.64286 -56.12244 -56.57838 -57.00624 -57.39717 -57.74405 -58.04671 -58.31264 -58.55215 -58.77441 -58.97726 -59.15691 -59.30785 -59.3794 -59.43759 -59.4683 -59.47538 -59.44104 -59.40972 -59.47074 -59.67752 -60.05239 -60.50808 -61.11288 -61.91535 -62.97209 -64.40037 -66.11308 -67.90097 -69.60746 -71.16045 -72.54657 -73.78094 -74.88625 -75.56302 -76.50347 -77.36901 -78.17146 -78.91833 -79.61283
-47.94101 -49.72646 -51.93963 -52.90957 -51.34146 -48.105 -45.85897 -45.96459 -46.68111 -47.32681 -47.78551 -48.31172 -49.07638 -49.94772 -50.52914 -51.36721 -52.15108 -52.875 -53.53667 -54.13707 -54.68152 -55.18005 -55.6451 -56.08737 -56.51098 -56.91194 -57.28063 -57.60895 -57.89564 -58.14812 -58.37566 -58.58626 -58.77524 -58.93309 -59.05027 -59.09293 -59.09795 -59.06485 -58.9995 -58.88744 -58.78937 -58.80371 -58.96975 -59.27554 -59.60905 -60.07794 -60.60685 -61.45683 -63.08202 -65.16574 -67.25221 -69.1444 -70.79803 -72.23345 -73.49342 -74.62046 -75.31441 -76.28693 -77.19167 -78.03889 -78.83413 -79.57935
-47.73215 -49.14805 -51.18246 -53.11516 -52.40372 -49.62328 -47.47864 -47.07355 -47.58187 -48.18781 -48.53494 -48.97429 -49.77972 -50.60086 -51.11946 -51.85684 -52.54823 -53.18953 -53.77601 -54.30677 -54.78626 -55.22438 -55.63435 -56.02819 -56.41142 -56.78085 -57.12664 -57.43976 -57.71641 -57.96268 -58.18617 -58.3927 -58.57656 -58.72265 -58.81818 -58.84166 -58.80978 -58.72883 -58.61134 -58.45474 -58.32801 -58.32917 -58.49014 -58.77933 -59.05749 -59.39486 -59.49858 -59.94585 -62.07483 -64.69549 -67.06026 -69.05228 -70.71201 -72.1152 -73.33714 -74.43815 -75.1256 -76.10519 -77.03421 -77.91814 -78.75811 -79.55251
-47.2869 -47.23779 -48.83695 -52.62376 -52.91205 -49.53959 -47.60509 -47.65157 -48.59353 -49.54304 -50.0629 -50.50304 -51.10217 -51.63798 -51.98618 -52.52574 -53.0709 -53.59382 -54.07638 -54.51269 -54.90608 -55.26624 -55.6069 -55.94139 -56.27667 -56.61076 -56.93388 -57.23566 -57.50941 -57.75775 -57.98568 -58.19597 -58.38271 -58.5262 -58.6112 -58.62544 -58.57326 -58.46263 -58.31755 -58.15188 -58.0379 -58.06416 -58.26867 -58.63721 -59.00391 -59.42661 -59.55484 -59.9373 -62.40892 -65.18481 -67.53345 -69.4171 -70.92945 -72.18677 -73.29353 -74.32178 -74.98338 -75.95245 -76.89677 -77.81348 -78.69698 -79.54069
-45.93501 -42.88639 -44.41594 -50.1827 -51.28748 -47.17905 -46.55233 -47.81036 -49.74646 -51.3286 -52.11335 -52.5156 -52.76147 -52.8321 -52.96348 -53.28525 -53.67897 -54.07288 -54.4326 -54.75156 -55.03632 -55.29922 -55.55577 -55.82056 -56.10197 -56.39882 -56.70122 -56.99693 -57.2757 -57.5353 -57.77725 -57.99974 -58.19699 -58.34679 -58.43056 -58.44404 -58.38792 -58.264 -58.11381 -57.97046 -57.90309 -57.98816 -58.28631 -58.82572 -59.49152 -60.3156 -61.20806 -62.43238 -64.49831 -66.75591 -68.68504 -70.2054 -71.39346 -72.38133 -73.30009 -74.22318 -74.85109 -75.80803 -76.77113 -77.72534 -78.65665 -79.55289
-43.60225 -41.93866 -43.49826 -47.77918 -48.89711 -47.08183 -47.0758 -48.75304 -51.49064 -53.46423 -54.06857 -54.03503 -53.8744 -53.7352 -53.77997 -54.01641 -54.32819 -54.61171 -54.8373 -55.01606 -55.168 -55.31309 -55.47058 -55.65685 -55.88104 -56.14179 -56.42818 -56.72485 -57.01776 -57.29856 -57.56464 -57.80873 -58.02436 -58.18936 -58.28056 -58.29926 -58.25311 -58.12998 -57.98798 -57.88662 -57.88663 -58.04757 -58.45472 -59.19436 -60.29877 -61.6766 -63.33148 -65.24882 -67.24992 -68.91252 -70.19945 -71.16614 -71.89689 -72.53364 -73.24223 -74.07228 -74.68046 -75.64657 -76.64669 -77.65245 -78.64186 -79.5976
-42.52221 -43.70196 -45.94318 -48.71615 -49.93776 -49.72983 -49.80305 -51.13618 -53.7591 -55.55452 -55.29019 -54.53944 -54.13071 -54.12121 -54.28706 -54.66899 -55.01163 -55.20578 -55.27949 -55.2914 -55.28555 -55.2929 -55.33809 -55.43982 -55.60707 -55.83669 -56.11504 -56.42229 -56.73973 -57.05244 -57.35283 -57.62852 -57.87066 -58.0598 -58.16749 -58.19574 -58.16936 -58.05896 -57.9278 -57.8676 -57.9373 -58.16753 -58.64973 -59.55753 -60.98572 -62.92363 -65.16693 -67.6451 -69.82089 -70.75504 -71.28886 -71.66402 -71.97635 -72.36284 -72.97527 -73.79927 -74.4302 -75.45177 -76.52036 -77.59895 -78.66041 -79.68431
-42.70129 -44.82861 -48.34764 -51.62401 -52.78431 -52.65826 -52.54007 -53.20394 -54.98579 -56.0807 -54.91428 -53.72576 -53.57682 -54.03025 -54.52208 -55.2979 -55.75727 -55.8425 -55.73115 -55.54921 -55.36451 -55.2187 -55.14349 -55.15969 -55.27479 -55.48232 -55.76397 -56.09406 -56.44794 -56.80399 -57.14834 -57.46554 -57.74244 -57.96432 -58.09871 -58.14034 -58.13937 -58.05136 -57.92817 -57.88738 -58.00326 -58.27871 -58.78814 -59.7326 -61.25834 -63.41039 -65.92608 -68.48601 -70.53539 -70.80122 -70.82793 -70.92398 -71.18726 -71.68134 -72.42879 -73.3801 -74.09158 -75.22772 -76.4025 -77.57795 -78.72614 -79.82642
-43.29966 -45.92 -50.08475 -54.13978 -54.92963 -54.28804 -53.79768 -53.95533 -54.79822 -55.2142 -53.84185 -52.57535 -52.89257 -53.78324 -54.58024 -55.73978 -56.28155 -56.25986 -56.01069 -55.69102 -55.3802 -55.12814 -54.97217 -54.93407 -55.01966 -55.21947 -55.5111 -55.86448 -56.24995 -56.64152 -57.02036 -57.37027 -57.67499 -57.92271 -58.08112 -58.13422 -58.15145 -58.0826 -57.9636 -57.9187 -58.04168 -58.32822 -58.82085 -59.70508 -61.16565 -63.20409 -65.57112 -67.77306 -69.26242 -69.59537 -69.63491 -69.84288 -70.30381 -71.01405 -71.94473 -73.04132 -73.83426 -75.07607 -76.34067 -77.59262 -78.80559 -79.96024
-44.66768 -48.02126 -52.45419 -56.78086 -57.09036 -55.97188 -54.86675 -54.5799 -54.48247 -54.20326 -52.70155 -51.48611 -51.95859 -53.3065 -54.52081 -56.34194 -56.94038 -56.78482 -56.3528 -55.82811 -55.32557 -54.91532 -54.64371 -54.53371 -54.58772 -54.78937 -55.10926 -55.51072 -55.95565 -56.41081 -56.84925 -57.25459 -57.60781 -57.89882 -58.1017 -58.17765 -58.22266 -58.18563 -58.07636 -58.00357 -58.09061 -58.3502 -58.77635 -59.4957 -60.67245 -62.26978 -64.07004 -65.59459 -66.48601 -66.82571 -67.18396 -67.83743 -68.76071 -69.8828 -71.14846 -72.51138 -73.45224 -74.88139 -76.3 -77.67868 -78.99519 -80.2334
-47.40741 -50.58679 -54.03565 -57.07671 -57.85349 -57.031 -55.83079 -55.30007 -54.8913 -54.02837 -52.18374 -51.20947 -51.56503 -52.91325 -54.18834 -56.10157 -57.14598 -57.16428 -56.58572 -55.85402 -55.15929 -54.59669 -54.22115 -54.05908 -54.10279 -54.32423 -54.68887 -55.15514 -55.67563 -56.20752 -56.71575 -57.1829 -57.59175 -57.92996 -58.18328 -58.29002 -58.36596 -58.35857 -58.26743 -58.15992 -58.16211 -58.33289 -58.65144 -59.16785 -59.9721 -61.01595 -62.07984 -62.9755 -63.36527 -63.62413 -64.45364 -65.73973 -67.21199 -68.77614 -70.39751 -72.04713 -73.14771 -74.77793 -76.35967 -77.8701 -79.29136 -80.61073
