capecod/ArcData/bedrock-90.txt
ncols         493
nrows         332
xllcorner     267461.75521767
yllcorner     807168.56661851
cellsize      90
NODATA_value  -9999
[rows 162 to 188 of 332, columns 124 to 185 of 493]
-50.4747 -53.61937 -56.32504 -58.32629 -58.65232 -58.15911 -57.44123 -56.43292 -55.67765 -53.79 -51.46002 -52.0938 -52.23948 -52.95567 -53.97916 -55.58629 -57.10044 -57.4562 -56.72395 -55.76706 -54.87387 -54.1604 -53.70008 -53.51876 -53.57664 -53.83328 -54.25889 -54.80924 -55.42453 -56.04799 -56.63715 -57.17176 -57.64048 -58.02854 -58.33209 -58.47521 -58.5904 -58.60823 -58.53899 -58.41246 -58.31538 -58.34097 -58.51191 -58.82507 -59.28022 -59.85917 -60.32713 -60.65668 -60.57521 -60.54738 -62.0125 -63.9466 -65.92043 -67.88593 -69.83414 -71.75059 -73.00134 -74.82262 -76.56084 -78.19759 -79.71758 -81.11032
-53.72782 -56.89071 -59.2849 -60.24822 -60.11605 -59.53221 -58.7604 -57.38266 -55.53194 -51.84816 -48.84663 -53.76477 -53.78371 -53.29277 -54.2082 -55.6912 -57.30917 -57.74953 -56.79259 -55.57924 -54.46406 -53.59324 -53.08466 -52.92953 -53.02134 -53.32375 -53.82907 -54.48841 -55.22159 -55.95347 -56.63429 -57.24148 -57.7697 -58.20823 -58.55747 -58.73627 -58.90031 -58.94509 -58.8935 -58.76461 -58.59419 -58.45908 -58.43996 -58.55331 -58.76562 -58.99931 -59.12526 -59.19324 -59.09215 -59.30273 -60.84353 -62.96581 -65.18395 -67.39967 -69.58061 -71.70319 -73.07623 -75.05987 -76.9361 -78.68593 -80.29283 -81.74612
-57.33506 -60.63419 -62.83828 -63.25158 -62.74755 -61.38377 -60.087 -58.59119 -55.34994 -49.22187 -43.38153 -47.44944 -51.21795 -53.2141 -54.78248 -56.56812 -57.98763 -58.07621 -56.81324 -55.29074 -53.9053 -52.87443 -52.37804 -52.30379 -52.4506 -52.81491 -53.42527 -54.22266 -55.09715 -55.95262 -56.7321 -57.41397 -57.99659 -58.48104 -58.87096 -59.07919 -59.29357 -59.37481 -59.33833 -59.2076 -58.99817 -58.74187 -58.53342 -58.45111 -58.4861 -58.53789 -58.54053 -58.56007 -58.74222 -59.38501 -60.82605 -62.82339 -65.0592 -67.37443 -69.68486 -71.94205 -73.40338 -75.51364 -77.50494 -79.35155 -81.02991 -82.52635
-60.87164 -64.40411 -66.82391 -67.06509 -66.05482 -63.41768 -61.88782 -61.28885 -57.38789 -51.25121 -46.35035 -47.97963 -51.67012 -54.83358 -56.75339 -58.32362 -59.01374 -58.43982 -56.75085 -54.82716 -53.13148 -51.96635 -51.55317 -51.63829 -51.91185 -52.379 -53.11487 -54.06926 -55.09772 -56.08183 -56.95848 -57.70938 -58.33749 -58.85655 -59.28133 -59.5124 -59.76685 -59.89025 -59.8758 -59.7365 -59.49784 -59.17698 -58.83576 -58.58566 -58.48749 -58.44559 -58.51544 -58.59971 -58.92714 -59.84766 -61.34278 -63.25784 -65.45116 -67.78091 -70.14048 -72.46806 -73.98516 -76.18804 -78.27412 -80.20182 -81.93359 -83.45118
-63.55 -67.24628 -70.23728 -70.75509 -69.11285 -65.47678 -63.45936 -64.83443 -60.459 -56.2868 -55.03665 -56.17485 -58.76649 -60.70891 -60.97792 -60.79495 -60.18592 -58.58514 -56.23394 -53.94873 -52.05509 -50.85049 -50.55957 -50.92299 -51.51181 -52.14587 -53.00048 -54.1077 -55.28092 -56.37991 -57.33889 -58.14283 -58.80303 -59.34205 -59.79108 -60.04021 -60.32024 -60.4763 -60.49009 -60.34367 -60.06843 -59.71153 -59.31529 -58.96053 -58.75748 -58.70666 -58.86188 -59.12377 -59.73456 -60.82188 -62.27145 -64.10601 -66.24977 -68.55303 -70.90511 -73.25146 -74.79767 -77.06863 -79.23672 -81.23212 -82.99724 -84.50902
-64.71375 -68.13846 -71.15069 -71.8377 -70.22141 -67.36629 -66.04288 -64.08723 -60.58411 -59.21087 -61.47271 -63.32146 -65.64405 -66.35441 -64.44552 -62.05883 -59.36537 -56.51088 -54.3429 -52.40601 -50.74571 -49.72077 -49.5145 -50.22796 -51.24512 -52.13099 -53.15735 -54.41117 -55.69698 -56.8758 -57.88774 -58.72062 -59.39455 -59.9404 -60.39882 -60.65904 -60.95201 -61.12012 -61.15339 -61.00525 -60.6913 -60.29885 -59.8909 -59.50163 -59.24089 -59.18568 -59.41594 -59.87983 -61.04861 -62.33325 -63.50596 -65.245 -67.35874 -69.61266 -71.91378 -74.23759 -75.79396 -78.12077 -80.366 -82.42039 -84.19929 -85.67353
-64.46999 -67.10044 -69.01426 -69.49129 -68.51662 -66.58025 -63.93762 -60.64598 -57.35614 -57.81558 -61.98524 -64.39245 -65.65569 -65.17599 -63.64494 -60.67374 -55.10791 -51.04416 -51.47511 -50.70998 -49.7156 -49.18538 -49.20243 -50.07029 -51.22929 -52.3843 -53.64774 -55.02081 -56.36496 -57.57375 -58.60077 -59.43558 -60.10483 -60.64701 -61.10164 -61.36142 -61.65305 -61.81235 -61.84343 -61.69104 -61.34355 -60.91011 -60.49009 -60.0963 -59.80215 -59.71355 -60.00428 -60.75178 -62.84203 -64.38658 -64.77577 -66.58222 -68.69413 -70.86892 -73.07915 -75.3469 -76.90087 -79.27898 -81.60672 -83.7267 -85.50487 -86.90009
-63.33062 -65.30666 -66.49924 -66.91553 -66.16611 -64.54343 -61.99494 -58.15751 -54.07061 -55.71516 -60.19555 -62.72926 -63.18577 -62.16886 -60.98971 -58.6569 -53.44553 -50.23092 -51.19283 -50.53833 -49.9446 -49.68695 -49.78793 -50.61407 -51.8033 -53.11155 -54.50327 -55.91884 -57.25745 -58.44712 -59.45345 -60.26761 -60.9212 -61.45146 -61.89175 -62.13969 -62.41178 -62.5439 -62.55315 -62.38556 -62.00807 -61.52937 -61.07416 -60.65529 -60.30532 -60.13319 -60.45778 -61.26909 -63.83217 -66.09145 -66.57379 -68.19716 -70.17428 -72.21125 -74.29233 -76.47467 -78.01319 -80.43745 -82.86817 -85.09023 -86.85936 -88.10941
-61.70583 -63.29963 -64.36043 -64.70267 -64.4587 -63.14761 -61.15458 -58.51146 -56.64396 -58.43899 -60.58877 -61.18527 -61.0371 -60.04527 -58.87127 -57.1404 -55.35668 -54.231 -52.39569 -51.63216 -50.77647 -50.48889 -50.74631 -51.60609 -52.83635 -54.21666 -55.64074 -57.02932 -58.31258 -59.4474 -60.40866 -61.19394 -61.82862 -62.34081 -62.75813 -62.98648 -63.22251 -63.3148 -63.29063 -63.09885 -62.68871 -62.16132 -61.64301 -61.15086 -60.68858 -60.38001 -60.6113 -61.1515 -63.05534 -65.79036 -67.83569 -69.72046 -71.61287 -73.50136 -75.43083 -77.4984 -78.99821 -81.44279 -83.97943 -86.35347 -88.11933 -89.1316
-59.78778 -61.29723 -62.35253 -62.93766 -63.01114 -62.5556 -61.37936 -60.28491 -60.56929 -62.79612 -62.50592 -60.10674 -59.3711 -58.53526 -57.56785 -55.62354 -53.9023 -53.3852 -52.71492 -51.7901 -51.52436 -51.52718 -52.00189 -52.96185 -54.22374 -55.60016 -56.97291 -58.27513 -59.46363 -60.52095 -61.43501 -62.20058 -62.81544 -63.3077 -63.69828 -63.90125 -64.09009 -64.13681 -64.07806 -63.86373 -63.42405 -62.83497 -62.22343 -61.60571 -60.98392 -60.53783 -60.58238 -61.03036 -62.63858 -65.88869 -68.79337 -71.03641 -72.88777 -74.61963 -76.38084 -78.30153 -79.72289 -82.10596 -84.64047 -87.03327 -88.76662 -89.65896
-57.59385 -59.28426 -60.60184 -61.40917 -61.90256 -62.08062 -61.88177 -62.10177 -63.48071 -64.75479 -63.70016 -61.16897 -59.31127 -57.88388 -56.88666 -54.93553 -52.44009 -50.92557 -51.80718 -52.21219 -52.42483 -52.79482 -53.52277 -54.61004 -55.89156 -57.1977 -58.43239 -59.58393 -60.64163 -61.62453 -62.52242 -63.2883 -63.88954 -64.36821 -64.72121 -64.88715 -65.02196 -65.02646 -64.93948 -64.72768 -64.27548 -63.59781 -62.8341 -62.03308 -61.25033 -60.68203 -60.73811 -61.67108 -63.778 -67.07809 -70.28117 -72.41447 -73.96876 -75.46406 -77.04658 -78.80429 -80.11048 -82.31615 -84.6787 -86.85396 -88.49696 -89.57038
-55.35629 -57.236 -58.88668 -60.11096 -60.95591 -61.64195 -62.16152 -63.23849 -64.9033 -65.311 -64.17024 -62.0246 -59.31271 -57.59566 -56.49731 -53.53694 -51.80692 -51.19021 -52.09931 -52.90509 -53.45037 -54.11713 -55.10454 -56.36638 -57.69129 -58.87916 -59.89898 -60.84235 -61.76872 -62.73261 -63.67537 -64.47849 -65.09638 -65.55589 -65.81654 -65.91919 -66.00777 -65.99318 -65.89234 -65.71246 -65.26816 -64.4658 -63.46383 -62.4136 -61.44602 -60.76464 -60.88489 -62.21378 -64.72728 -68.36226 -72.02464 -73.52548 -74.60198 -75.88008 -77.34455 -78.97767 -80.17805 -82.15509 -84.27234 -86.25693 -87.87849 -89.11475
-53.25799 -55.30294 -57.21184 -58.83119 -60.10053 -61.1817 -62.12561 -63.17917 -64.43781 -64.70616 -63.6829 -61.54731 -58.26102 -55.11589 -53.30428 -50.6937 -49.83045 -51.03028 -52.76437 -53.74176 -54.45058 -55.33422 -56.55444 -58.01695 -59.43019 -60.45556 -61.19223 -61.90597 -62.77214 -63.81313 -64.88829 -65.82146 -66.51595 -66.89413 -66.92146 -66.92983 -67.02942 -67.0416 -66.93094 -66.75813 -66.30202 -65.35601 -64.05346 -62.68835 -61.4739 -60.70327 -60.75139 -62.16591 -64.79036 -68.25381 -71.58837 -73.23704 -74.40711 -75.74052 -77.23556 -78.84384 -79.98803 -81.80381 -83.69977 -85.53795 -87.15942 -88.51923
-51.45091 -53.60102 -55.65675 -57.53407 -59.18672 -60.60934 -61.87021 -62.86768 -63.62693 -63.85143 -63.00254 -60.94926 -57.81964 -54.12424 -51.57421 -48.18684 -48.34574 -50.75836 -53.18253 -54.40525 -55.29821 -56.33712 -57.6998 -59.28824 -60.79034 -61.6294 -62.09784 -62.64421 -63.5681 -64.78591 -66.16232 -67.43681 -68.26912 -68.48009 -68.07433 -67.96722 -68.17703 -68.19619 -68.01269 -67.73779 -67.18563 -66.09583 -64.50578 -62.827 -61.35479 -60.35284 -60.35532 -61.64146 -64.10665 -67.07937 -69.86353 -71.9114 -73.54059 -75.13509 -76.78053 -78.46668 -79.60952 -81.36629 -83.1416 -84.87473 -86.48607 -87.92664
-50.04247 -52.21782 -54.32176 -56.30765 -58.17184 -59.90166 -61.36162 -62.47007 -63.12394 -63.18524 -62.52553 -60.7839 -58.70801 -55.93736 -53.37093 -49.98028 -50.15133 -51.89455 -53.75006 -55.06718 -56.08542 -57.16799 -58.51105 -60.01868 -61.33235 -62.1115 -62.51888 -62.9886 -64.04991 -65.56881 -67.59642 -69.56097 -70.46595 -70.49076 -69.96132 -69.72424 -69.66167 -69.47768 -69.0958 -68.58495 -67.81078 -66.54877 -64.78831 -62.91099 -61.17799 -59.89112 -59.78912 -60.99054 -63.20386 -65.85198 -68.38929 -70.57954 -72.49709 -74.31726 -76.12425 -77.92199 -79.11216 -80.87837 -82.62171 -84.31561 -85.9221 -87.41097
-49.09637 -51.22585 -53.26804 -55.26294 -57.21267 -59.1097 -60.78372 -62.02441 -62.76793 -62.91841 -62.44631 -61.14385 -59.93179 -58.54807 -56.83455 -54.41297 -53.56399 -54.0349 -55.04357 -56.06373 -56.99854 -57.99371 -59.18725 -60.50164 -61.66088 -62.37709 -62.69846 -62.99363 -64.16982 -66.13945 -69.18336 -72.24736 -72.78926 -72.46845 -71.9703 -71.65382 -71.24556 -70.78621 -70.172 -69.38042 -68.33482 -66.89581 -65.06333 -63.12716 -61.28641 -59.75208 -59.6077 -60.76928 -62.62875 -64.93349 -67.30859 -69.52739 -71.56982 -73.51533 -75.42776 -77.31669 -78.55435 -80.37022 -82.12922 -83.82624 -85.44855 -86.97778
-48.60522 -50.66369 -52.57777 -54.51537 -56.46824 -58.42017 -60.23432 -61.66898 -62.59784 -62.92056 -62.74853 -61.86803 -61.11344 -60.55962 -59.28657 -57.3032 -56.2052 -56.09563 -56.62176 -57.35106 -58.10599 -58.94912 -59.97003 -61.11449 -62.19196 -62.87874 -63.10743 -62.96074 -64.15369 -66.50484 -69.92432 -73.21025 -73.87857 -73.71069 -73.31425 -73.02984 -72.56494 -71.99889 -71.25882 -70.27059 -69.00478 -67.42427 -65.5748 -63.68127 -61.98257 -60.69459 -60.43244 -61.23767 -62.74176 -64.63344 -66.72305 -68.84221 -70.89809 -72.88597 -74.83562 -76.75918 -78.02174 -79.87251 -81.66129 -83.38474 -85.03643 -86.60705
-48.54274 -50.51181 -52.36069 -54.20872 -56.07096 -57.97719 -59.85319 -61.44733 -62.58239 -63.19054 -63.32162 -62.87857 -62.27309 -61.99095 -61.07559 -59.47026 -58.43948 -58.16138 -58.41756 -58.87616 -59.40318 -60.0762 -60.95872 -61.98885 -63.01365 -63.74126 -64.15816 -64.0406 -64.91835 -67.02007 -69.74294 -72.28239 -73.73152 -74.2679 -74.18039 -74.00791 -73.65096 -73.13466 -72.38689 -71.33533 -69.95832 -68.29375 -66.45306 -64.61539 -63.07416 -62.03124 -61.7254 -62.22382 -63.34237 -64.88671 -66.67619 -68.5938 -70.55481 -72.50587 -74.43265 -76.33698 -77.59219 -79.44312 -81.24535 -82.99216 -84.67649 -86.29006
-48.72466 -50.60276 -52.42207 -54.22828 -56.02249 -57.8603 -59.73068 -61.41344 -62.69172 -63.50891 -63.85085 -63.78982 -63.38649 -62.97591 -62.3205 -61.05539 -60.10166 -59.70734 -59.75795 -60.00193 -60.35157 -60.91522 -61.71093 -62.66883 -63.6189 -64.33853 -64.97593 -65.2423 -65.86119 -67.49757 -69.77655 -72.03803 -73.62336 -74.44858 -74.62759 -74.56325 -74.32288 -73.88748 -73.18198 -72.1386 -70.7391 -69.05098 -67.21379 -65.41045 -63.90934 -62.93259 -62.61507 -62.97422 -63.90004 -65.23381 -66.84117 -68.61694 -70.48362 -72.38041 -74.272 -76.14722 -77.38612 -79.22082 -81.01846 -82.77276 -84.4744 -86.11365
-49.26984 -50.97326 -52.69352 -54.44766 -56.20368 -57.96124 -59.77421 -61.53619 -63.03291 -64.16869 -64.93591 -65.38123 -65.43314 -65.03044 -64.52658 -63.58554 -62.7324 -62.17393 -61.89273 -61.77666 -61.84948 -62.24233 -62.8939 -63.71021 -64.40526 -64.8817 -65.2219 -65.43368 -65.53635 -67.52947 -69.95782 -72.12876 -73.68336 -74.69391 -75.18723 -75.31616 -75.30714 -75.04337 -74.45827 -73.46994 -72.0647 -70.3481 -68.49512 -66.7237 -65.2431 -64.25916 -63.87622 -64.08012 -64.78107 -65.87574 -67.25464 -68.8315 -70.54391 -72.33691 -74.16174 -75.98767 -77.19871 -78.99997 -80.77867 -82.53159 -84.24844 -85.91778
-50.03314 -51.57125 -53.16082 -54.82917 -56.56759 -58.31142 -60.07364 -61.85345 -63.51719 -64.95504 -66.14434 -67.08124 -67.57047 -67.42505 -67.00259 -66.13087 -65.27402 -64.56531 -63.99036 -63.54339 -63.35963 -63.55195 -64.07697 -64.73887 -65.06802 -65.10605 -64.45338 -62.2721 -64.86687 -67.91593 -70.52637 -72.58756 -74.08615 -75.11815 -75.79493 -76.08994 -76.32764 -76.27888 -75.84192 -74.92392 -73.5027 -71.71163 -69.80292 -68.01247 -66.53946 -65.52423 -65.04894 -65.11034 -65.63818 -66.54548 -67.74824 -69.16929 -70.74576 -72.42958 -74.17699 -75.9506 -77.13544 -78.90582 -80.66358 -82.40823 -84.13083 -85.81992
-50.91291 -52.31115 -53.80075 -55.37868 -57.0612 -58.79378 -60.53897 -62.31034 -64.06231 -65.71624 -67.26191 -68.59284 -69.46542 -69.56202 -69.21767 -68.41277 -67.54756 -66.73067 -65.92874 -65.22033 -64.79956 -64.79634 -65.24673 -65.71572 -65.72597 -65.48545 -64.99033 -64.82523 -66.98525 -69.76521 -71.87352 -73.41905 -74.66694 -75.67008 -76.47839 -76.92298 -77.42101 -77.60814 -77.31641 -76.44114 -74.94456 -73.00506 -70.96899 -69.1385 -67.67451 -66.66015 -66.13091 -66.08272 -66.47133 -67.22871 -68.28701 -69.58044 -71.04673 -72.63506 -74.30463 -76.02111 -77.17844 -78.91957 -80.65897 -82.39548 -84.12056 -85.8231
-51.84972 -53.12606 -54.544 -56.06067 -57.6671 -59.34634 -61.07289 -62.83065 -64.59947 -66.36342 -68.08338 -69.65804 -70.81145 -71.11904 -70.89669 -70.21481 -69.3973 -68.54379 -67.62041 -66.75345 -66.14163 -65.96597 -66.25379 -66.2548 -65.63772 -65.11392 -65.21661 -66.81284 -69.63678 -72.194 -73.54576 -74.4493 -75.28098 -76.16391 -77.10063 -77.70376 -78.49992 -78.93864 -78.79069 -77.92089 -76.22423 -74.01868 -71.82825 -69.97662 -68.57366 -67.62415 -67.11006 -67.0135 -67.30888 -67.9526 -68.8914 -70.07218 -71.4412 -72.94704 -74.54598 -76.2041 -77.3305 -79.03744 -80.75552 -82.48198 -84.20744 -85.92001
-52.79968 -53.98288 -55.34163 -56.80394 -58.32164 -59.91951 -61.60797 -63.34647 -65.10123 -66.88335 -68.65204 -70.26968 -71.49126 -72.03783 -72.01482 -71.54513 -70.86256 -70.04423 -69.11314 -68.18569 -67.43002 -66.98656 -66.84294 -66.10824 -64.77808 -63.47787 -63.93274 -67.22969 -71.3187 -74.09612 -74.44919 -74.90348 -75.53014 -76.42264 -77.53324 -78.30222 -79.41612 -80.12317 -80.09846 -79.11238 -76.97049 -74.39584 -72.17067 -70.46237 -69.22915 -68.4109 -67.96904 -67.88438 -68.14098 -68.71431 -69.56673 -70.65501 -71.93545 -73.36376 -74.89748 -76.50078 -77.59608 -79.26528 -80.95641 -82.66699 -84.38795 -86.10606
-53.73538 -54.84848 -56.15406 -57.54679 -58.95445 -60.44128 -62.06105 -63.78062 -65.5464 -67.33875 -69.1153 -70.72642 -71.97256 -72.66554 -72.78432 -72.55019 -72.07012 -71.3753 -70.55678 -69.62672 -68.76426 -67.985 -67.2345 -66.02312 -64.47895 -62.97331 -63.27955 -66.22736 -70.00117 -71.96872 -72.66178 -73.89368 -75.12323 -76.35959 -77.6993 -78.61628 -79.99918 -80.98949 -80.93407 -79.33862 -76.44694 -73.70903 -71.8888 -70.64125 -69.73286 -69.09809 -68.74323 -68.68942 -68.94084 -69.48222 -70.28415 -71.30928 -72.51966 -73.87873 -75.35081 -76.9024 -77.96831 -79.60085 -81.26343 -82.95384 -84.66498 -86.38342
-54.64428 -55.69969 -56.94799 -58.25487 -59.53767 -60.85485 -62.32634 -64.03822 -65.89663 -67.77248 -69.58792 -71.19645 -72.42998 -73.1954 -73.4023 -73.42908 -73.19246 -72.73123 -72.10678 -71.16412 -70.30229 -69.50716 -68.47747 -66.74665 -64.98017 -63.83089 -64.09502 -66.08599 -68.36371 -69.40533 -70.9131 -73.00002 -74.71577 -76.18519 -77.62949 -78.6192 -80.07059 -81.06481 -80.74841 -78.28718 -74.49319 -72.17973 -71.39084 -70.81942 -70.27551 -69.8079 -69.51226 -69.46742 -69.71401 -70.24529 -71.02442 -72.0119 -73.17354 -74.4783 -75.89681 -77.40063 -78.4389 -80.03677 -81.67177 -83.34077 -85.03929 -86.75468
-55.53534 -56.53693 -57.71657 -58.93245 -60.08813 -61.17363 -62.37852 -64.11399 -66.17463 -68.22294 -70.10044 -71.673 -72.85184 -73.62731 -73.9174 -74.28463 -74.35917 -74.27041 -73.84288 -72.81111 -72.25089 -71.89762 -70.78764 -68.69224 -66.27558 -65.70242 -66.15145 -67.47633 -68.97488 -70.1661 -71.58432 -73.28586 -74.78094 -76.1039 -77.41843 -78.38844 -79.73655 -80.40607 -79.92714 -77.63705 -73.80872 -71.98959 -71.76808 -71.49859 -71.09145 -70.659 -70.34071 -70.25268 -70.48302 -71.02267 -71.80111 -72.76745 -73.89299 -75.1548 -76.52923 -77.99195 -79.00526 -80.57058 -82.17895 -83.82595 -85.50985 -87.21997
